1 0.7747718429963678 0.3279611401151409 0.06630259966079066 0.061229054694860244
1 0.6086627222621267 0.7336683991049482 0.054507169452670985 0.07063464285678069
1 0.42490334214834447 0.4843695404623716 0.039580541267094066 0.048748271728008365
1 0.1801825908922011 0.30226739260857777 0.03220115238472225 0.04141085539439137
0 0.8158090977887825 0.541274058447056 0.27499765343557725 0.4589424450531344
0 0.7823200872386221 0.393962011119178 0.161009781679808 0.4137011276213407
0 0.6102182718603635 0.2322356999292146 0.12539768061623954 0.32897908216702565
0 0.6563200192869664 0.7148003671372455 0.2648807274357911 0.5404634178304394
0 0.3891533756121799 0.4982200836689179 0.16570557370694475 0.40897735389503403
0 0.2697973052068914 0.38126472465213557 0.1409957104851499 0.37971160714195185
0 0.13263719414791694 0.32594311688397276 0.13847996405074817 0.37486195554356677
0 0.15963799830395325 0.29781635427177444 0.10851480739903874 0.3262815209783297
0 0.08408368993958354 0.2546459384370984 0.10555145984241478 0.3022011001491753
0 0.04224018280838698 0.2649956106396075 0.07933295271121822 0.3113549325669388
0 0.05587895282852579 0.1793863367885657 0.08486598696442328 0.23936542582363268