1 0.4592348697881784 0.860535113871295 0.04612311679843291 0.06247629145910976
1 0.033031638656554195 0.7705619677073574 0.04507157036182327 0.05045706068987899
1 0.6674606850574079 0.20267614235540807 0.05426633640256394 0.046209400761705904
1 0.24947531682727941 0.0871125913388865 0.030949246719373217 0.025718558677018742
1 0.334286082070513 0.08815191935527013 0.05029988124415943 0.05554476918733098
0 0.08805176335794217 0.7367218179520817 0.17610352671588433 0.305333635469781
0 0.49318837917706715 0.786809636164793 0.23346947002136695 0.3723376030468236
0 0.35152436329964504 0.5881874821666053 0.152611539331766 0.24087352214146415
0 0.21586887276125416 0.29355149010945114 0.20961189646951509 0.31833292290317
0 0.2794939724496442 0.14037093550159138 0.1387899689699426 0.192236566685022
0 0.2980475017762109 0.047658020367514195 0.09140499644757814 0.09531604073502839
0 0.3238136596099004 0.040808356413620205 0.08314191154943 0.08161671282724041
0 0.6238307683605419 0.19565090749529915 0.11958862103988555 0.24612494727468592
0 0.7590160581452994 0.09928817077436378 0.08860995301980032 0.16539794324896512