1 0.6758929424887956 0.8483312784453203 0.04450559508225856 0.06416513682354555
1 0.2230598129490002 0.8511207327292366 0.046069392666826164 0.04984000912538305
1 0.6382426192365831 0.18121499614055542 0.05300091493860502 0.045326164492434165
1 0.18521133182491312 0.15991701427355295 0.03265008094879763 0.025311801462349372
1 0.2685058986402499 0.14206571447847033 0.04875325501043179 0.054745650657989926
0 0.2580092947680994 0.8099390582046012 0.18803408068816813 0.3050313180458488
0 0.6837819344590732 0.7769280707822865 0.22843202393713333 0.38101978718879653
0 0.4694444325982467 0.6133787549000147 0.14833617791360185 0.24106207967213214
0 0.2270900927653304 0.3618176489621223 0.20556104423949006 0.31773619338948084
0 0.2335445625507056 0.20372905592325535 0.13578062330574212 0.19018951354170519
0 0.21416305252984197 0.09849854589105404 0.0911350201286038 0.12362053056431338
0 0.23467760315541922 0.07838623363605479 0.08406348976194508 0.1257305290434162
0 0.5926395463609461 0.184277954490853 0.11736619410336147 0.24459643205593667
0 0.6904864654990249 0.07336429078746823 0.08630361928002153 0.14672858157493646