1 0.7764423076923077 0.37864881838664594 0.0625 0.05674316518568372
1 0.5745192307692307 0.7633720835263893 0.04807692307692308 0.06602284895940176
1 0.41346153846153844 0.4952003472047012 0.03365384615384615 0.04645637888696582
1 0.1875 0.2868160340185899 0.028846153846153848 0.041536786298717966
0 0.7992788461538461 0.5943245754885157 0.23557692307692307 0.4453869599010686
0 0.7788461538461539 0.44481053775769297 0.12259615384615384 0.4091034571541667
0 0.6213942307692307 0.2644631112618061 0.09375 0.32670128624006417
0 0.6225961538461539 0.742164549625107 0.21634615384615385 0.5156709007497859
0 0.37740384615384615 0.5051784027928422 0.12980769230769232 0.4044636152673077
0 0.2692307692307692 0.37525680032649594 0.10576923076923077 0.37505796001837616
0 0.13822115384615385 0.30610174845058774 0.10576923076923077 0.37025026771068387
0 0.16706730769230768 0.28033084244161344 0.07932692307692307 0.3239617392445513
0 0.09615384615384616 0.22940146714957274 0.07932692307692307 0.2999232777060898
0 0.039663461538461536 0.23529817731458338 0.07932692307692307 0.3071348161676283
0 0.07451923076923077 0.15197483896399577 0.0625 0.23703162672414535