1 0.20797850396939557 0.37910568715952253 0.06163493899338303 0.05533334600747663
1 0.41200151481092434 0.7700836812509041 0.04756158596740379 0.06676488142722056
1 0.5713126101879269 0.5058217901128221 0.03498279696281678 0.04704436607187919
1 0.796182778387134 0.3043986311184984 0.029965270316865782 0.03963692916051187
0 0.18726039689856278 0.5948641456561897 0.23381385122877732 0.44410748253828314
0 0.20605502253535904 0.4452114563902917 0.11992379986555451 0.40825386896730403
0 0.3627781610738397 0.2698918729445174 0.09350721582682962 0.32554360748739036
0 0.36430928802080853 0.7456116327285636 0.2146273031238448 0.508776734542873
0 0.6082574740651544 0.5181573107913037 0.12692550398883448 0.40133617818050904
0 0.715469821548612 0.3901575890010865 0.10452149603060444 0.3740123274639712
0 0.8461389617722568 0.3244844109955479 0.10438160647176559 0.3692046351562789
0 0.816790332643375 0.2992215841456558 0.07901419412433341 0.3225520659840575
0 0.888005683862433 0.2503794193604825 0.07831474633013832 0.29851360444559594
0 0.9467600250728245 0.2575868676785788 0.08333227297608878 0.30592104135696324
0 0.908307735347413 0.17298903854734088 0.06214304992157338 0.2378297552499554