1 0.470409745214883 0.8583175801290026 0.047491641187984227 0.06569377266088157
1 0.0531860730462804 0.7279621846869019 0.04714191729088661 0.0536745418916508
1 0.7074503050330847 0.2144153207855905 0.05428351097300558 0.05177497563162799
1 0.2993745145868485 0.05823121418531116 0.032019392573614594 0.02862752056554239
1 0.38308946129494686 0.06677102568044851 0.052159443936837406 0.06122226694907144
0 0.100830465619895 0.6982420576847421 0.20119067929397 0.318735925373752
0 0.5049949840641011 0.7827310129144897 0.24606863998984954 0.37705006627515386
0 0.37674457437589187 0.573394237599193 0.16084063178810482 0.25114258645284776
0 0.25623953773099434 0.2627597372264756 0.22084111720125635 0.334503748680358
0 0.3253050982603013 0.11519237202821893 0.1450186592766377 0.20205710358827791
0 0.3507645659500713 0.03740299865766127 0.09654779117678039 0.07480599731532254
0 0.37617981251400473 0.0303848234853991 0.08898652881814438 0.0607696469707982
0 0.663398819863448 0.20310196987442453 0.12725673041367822 0.25119312643551805
0 0.8026213111843933 0.1177994980456262 0.09376849747225381 0.17208483663920646