1 0.8617099594692281 0.649474166615332 0.2765800810615438 0.3822175680958335
1 0.6858554701738624 0.7226475792007483 0.39157872263937654 0.3858523173357909
1 0.40589988894380286 0.7900001673191774 0.4599434676133728 0.4199996653616452
1 0.23127608843456302 0.8478593204932692 0.27072953017031387 0.30428135901346154
1 0.5766706182607007 0.15259933495849407 0.2852601953451479 0.21780487724957284
1 0.8060916361341124 0.12434467734145366 0.2756448107297633 0.21758107668846177
1 0.4195112748215693 0.21613039279743623 0.5252833444073534 0.37696629442211577
1 0.2022557775362842 0.2782626971294339 0.3870249084023372 0.32575616348963704
1 0.8726004120709836 0.25787104409951994 0.22946113884882743 0.1781124357019233
1 0.7752654130320604 0.39838213394086597 0.32365000830551505 0.2810881792134618
1 0.3291353555818083 0.4959806343514426 0.28220230323109996 0.3041195382269233
1 0.148884176202209 0.5397773716971155 0.24020814044824018 0.3199393587788464
1 0.5471015317697269 0.4590607395646906 0.3016152250313508 0.3069709855029916