1 0.21663215737486563 0.720380329044843 0.3461595237869526 0.32293023726053166
1 0.4774315336918805 0.7405369324396687 0.3296969058489926 0.32744421453337413
1 0.7780765241168385 0.7637897102847724 0.38917487648553034 0.3836977397577707
1 0.9320604513322285 0.795908688804967 0.135879097335543 0.32770813686188605
1 0.36112621960192104 0.17194948176584507 0.2529531426788441 0.1700613136846677
1 0.12977466837365983 0.19191789210710203 0.2437020632024226 0.17470116882958864
1 0.5374087440200644 0.20143383803338302 0.47305277498293974 0.28673450049640603
1 0.7978954802115799 0.2085371247448262 0.40420903957684035 0.24743377622101098
1 0.12008897766538047 0.333388161213136 0.20010439004481434 0.1379301685801182
1 0.2656693792002453 0.4487606100133966 0.281545418454345 0.23057706043774984
1 0.7315601516226953 0.4508910970231904 0.23121093904247167 0.26330780219635375
1 0.9139376900770885 0.45443665708673464 0.17212461984582297 0.28460674325542656
1 0.5078023753702284 0.46018905718956454 0.2506238608427225 0.2660473226757425