1 0.8559649723404902 0.6176459090120925 0.28807005531901975 0.362804294294394
1 0.6400835133754698 0.6779284736525576 0.3448122708129611 0.3661189032956481
1 0.3469930313449465 0.7496120858526376 0.4055281042331366 0.4281828726555136
1 0.16327754931442331 0.8130077561413059 0.22436800264333115 0.35220358251387707
1 0.6233843605395989 0.10601317298194748 0.25944851789958673 0.19923232876454539
1 0.8576963704202683 0.09439907803123365 0.2524889399153706 0.1887981560624673
1 0.4561808509893458 0.16746605617357993 0.48500145078728923 0.33493211234715986
1 0.20528876769943352 0.21009633354134857 0.40100303726061914 0.29615348676345665
1 0.8986664618339331 0.22244916339976023 0.202667076332134 0.16433927737491388
1 0.7826748791000183 0.35941601945138907 0.29157015795093055 0.2639181595983243
1 0.31979829262668846 0.4379317724153047 0.24272713182275646 0.2913429556392112
1 0.12495566311684672 0.4732098991357454 0.21488881988589187 0.30838789403620154
1 0.5439909969373287 0.4100831994764697 0.2620838812921868 0.2952040223489099