1 0.5378000029990945 0.5320597507047309 0.15530066052978952 0.1366577644468208
1 0.71133676810462 0.6858299208248836 0.15778842053076841 0.14405145547784096
1 0.8732747137418928 0.7011788531541079 0.16284785437985916 0.16605037600141953
1 0.5673297691328716 0.6775283057630088 0.13914504822992904 0.19307500415275752
1 0.2985465404201441 0.6594678550834069 0.170534904641817 0.20746221832524883
1 0.1629809742692349 0.6481248598745004 0.12438631591832071 0.16313593488971415
1 0.43398623580035406 0.681628157984621 0.15133210669342526 0.2084088439232423
1 0.056739599960840964 0.6589077242244991 0.11347919992168193 0.1821845515510018
1 0.6949137444915442 0.8587978362417731 0.14867651899818066 0.1865920759691454
1 0.28912527065077465 0.8499181589456979 0.09601567387258617 0.20181548867131974
1 0.17752823783238297 0.842763253426591 0.15859958771971902 0.21376299393937942
1 0.5423394419282574 0.8643549090192377 0.14641252925622275 0.19842915416889456
1 0.05342668712972257 0.8309648767939807 0.10685337425944515 0.21307024641203862
1 0.40178437013420143 0.8690012189492944 0.15605588515398486 0.20156161060066707
1 0.833917252178957 0.884290679519534 0.16226045744992929 0.11556960677065028
1 0.8336023189541268 0.08919050812985421 0.16307162463887984 0.17838101625970842
1 0.5588094748567839 0.0909320523399905 0.14915203079860007 0.181864104679981
1 0.1264807938353851 0.0768678633889218 0.12684610463692209 0.1537357267778436
1 0.42075614870489575 0.0791964355209051 0.1727149805366422 0.1583928710418102
1 0.6881975979288122 0.10066470059891684 0.1610034338735651 0.20132940119783369
1 0.9470297866376237 0.14199204274708543 0.1023601025804189 0.12784271561053387
1 0.2607605230622384 0.08831844684958522 0.16033212309650266 0.1562528388165532
1 0.493945901495876 0.27599634119423694 0.1630716246388801 0.1852811452321886
1 0.20598784611713455 0.2545854187627952 0.14174469336041834 0.2100840797991621
1 0.6366251066200022 0.29520634023316017 0.17042301951230654 0.19784683370986414
1 0.7901356050776247 0.31239472963249315 0.1756782523380405 0.23667267731036576
1 0.08709536099007156 0.25518850941367166 0.13478489644027836 0.2311722374753328
1 0.9207955794325199 0.33251549151882426 0.15147196310531322 0.2204280746924731
1 0.3386460830314007 0.309379797310414 0.15088456617538362 0.16994730546170375
1 0.7279555906943391 0.4960350823310711 0.17031113438279605 0.18823144909447953
1 0.40034805941832485 0.47642775421915223 0.19219749130881 0.21150543760442903
1 0.21669158454930373 0.46992973347680045 0.17523071181999883 0.19821113884882718
1 0.8969092758165071 0.5276644800287739 0.16077966361454415 0.19471437727809165
1 0.0736652645913997 0.4642141171382534 0.1473305291827994 0.24464868880041626