1 0.5273602640553385 0.6002973475737432 0.16499085149293874 0.13775457576345354
1 0.7401682219697635 0.7204153273022971 0.1680670708385496 0.14756618462135299
1 0.8886518636317314 0.7059426984033842 0.14537335568361698 0.16483471142697517
1 0.5951222562406239 0.7375861387188279 0.15219816756660293 0.19407331375815864
1 0.32476537390693705 0.7662860170304688 0.18445672735424962 0.21104730583392622
1 0.18726713323521807 0.7792378088668517 0.1333541249143862 0.16385359021440193
1 0.46511296396869023 0.7644458692501659 0.16539405142142163 0.21188135804765496
1 0.0747137139913869 0.8137996384660146 0.1494274279827738 0.18862779347925213
1 0.7764198375331721 0.8988409479164081 0.16399876505522215 0.20231810416718388
1 0.36674919491671404 0.9242536734337624 0.10892893679737216 0.15149265313247512
1 0.25549989864802647 0.9280804428949643 0.17008419041384304 0.1438391142100714
1 0.6251121164725053 0.9114368601513897 0.16092254570961154 0.17712627969722058
1 0.10176306144217837 0.9372300428919801 0.17991820830983912 0.12553991421603974
1 0.48358787332516423 0.9241799405682573 0.16952937053734934 0.15164011886348552
1 0.8913589496815995 0.9092393450240638 0.11138332293388832 0.15727987972407767
1 0.6967962313358724 0.13061478650659125 0.17371522963594735 0.1599778638756129
1 0.422472123184199 0.14690298556397205 0.16657070450700956 0.22870828112457803
1 0.029762430309864987 0.19255287342779417 0.059524860619729975 0.23125959300943452
1 0.28446960261865656 0.16706631586189322 0.1855158271245667 0.1920127608456716
1 0.557591787693407 0.1506800046832551 0.17517752933474723 0.21507010117155978
1 0.8467004293553747 0.14768649397145042 0.15039968127192083 0.13417338415451938
1 0.13217859176167815 0.21870044802416408 0.17114329018416014 0.15737779347925213
1 0.41480740477794736 0.36023204290690064 0.17573234921124098 0.1888240177217667
1 0.12384973683862709 0.389667861311013 0.1583506062578242 0.2136965314739571
1 0.560298873743275 0.3539766513039347 0.18361626086454402 0.19902807506469544
1 0.7169438369967926 0.34379657648459244 0.19128153923723554 0.2402859081651094
1 0.04005898475841912 0.41277455524665424 0.08011796951683824 0.22939526433946228
1 0.8611493362362268 0.3386449958372922 0.1830614409880504 0.22527415851448845
1 0.26922365248868396 0.41966638625825403 0.16253646535642235 0.17101597343227035
1 0.704950436185337 0.5325966116827728 0.18311198097072062 0.19181653660315698
1 0.3758926863716957 0.5710101850971386 0.20625943603680622 0.21521717017040431
1 0.19274663876823495 0.597158751523923 0.18859204647017747 0.20182436970357095
1 0.8800697488288889 0.5348036384958555 0.17400087624915928 0.19824317809463674
1 0.06682100569667891 0.6186466946418597 0.13364201139335782 0.24690877389910393