1 0.49050880562088545 0.5515959381425424 0.16558275928020988 0.14052623421317484
1 0.33643279493960326 0.7392491328330395 0.17076839230388563 0.14798973315203548
1 0.17865569964674308 0.7872902802424678 0.1767099067595283 0.1698763090139732
1 0.47794987822951546 0.7029071547865468 0.15646107400018558 0.19518479455833043
1 0.7405513525016476 0.6312940307221814 0.18846695543215256 0.21124561458400254
1 0.8735289940144373 0.5929891373571565 0.13812238805932855 0.1654567790415487
1 0.6093425451397565 0.6803532416601832 0.17176601259389065 0.21276759906722068
1 0.9564804691570725 0.5816253618294419 0.08703906168585498 0.1863355129941971
1 0.37264368193779257 0.9012618985499745 0.16722050238280475 0.1717762342131747
1 0.7708734935442408 0.8189251217704846 0.11609961033944562 0.20265851511647553
1 0.8802536043538829 0.7902934923305328 0.17910353129409026 0.21554938593705011
1 0.5234560884367945 0.8813059127450911 0.16367261246172404 0.19556273527431392
1 0.9677863653750985 0.7531224211134584 0.064427269249803 0.21682963156223012
1 0.6621862740472351 0.86077790505659 0.1737919180317533 0.2056820408443432
1 0.23650120202954786 0.9481692238114525 0.17027469296852507 0.09282725185223538
1 0.1496955771836033 0.1657070791152454 0.1801215948226637 0.18923305848340366
1 0.41830666684035095 0.10425663770348413 0.17024402811067263 0.20851327540696826
1 0.84246975437482 0.047150854121907226 0.14647797028810153 0.09430170824381445
1 0.5552680182998931 0.07928354599434809 0.1898629596767094 0.15856709198869617
1 0.29449836829798975 0.14606604390701466 0.18150737744793644 0.21567536617571134
1 0.05510626239373741 0.2465934227465067 0.09081156803365668 0.1318131545069866
1 0.7151867776499932 0.06769419423933444 0.17380213965103763 0.13538838847866888
1 0.5056231134529733 0.2880649445093777 0.18012159482266363 0.1892330584834036
1 0.7871404063592219 0.2094343631511075 0.1622766082171672 0.2146675242664221
1 0.36707678739088234 0.3350982500095169 0.1879630344775079 0.20163022996861787
1 0.21891507671340682 0.38263547646430074 0.19719025675762486 0.2404697091461398
1 0.9053119194233089 0.18757334133738027 0.1559469314262566 0.2311165066273617
1 0.0959937506513159 0.4288499104131424 0.15797283686411948 0.2240309484044844
1 0.6624400245269485 0.2906935366887102 0.1673464826214661 0.17418008036702098
1 0.3001640286317253 0.5531349154583123 0.18745911352286326 0.19201484535323324
1 0.6199538896415207 0.4688828810506943 0.21035353129409026 0.21718712903964524
1 0.8009454641119027 0.42685645983552334 0.1927707267852002 0.2018821904459402
1 0.13732216974420844 0.6195198596182396 0.17822166962346217 0.19872246286012704
1 0.9267099067595281 0.3929813180622074 0.14658018648094367 0.24654742545972794