1 0.5754002561997178 0.6089487000463453 0.2504899655080379 0.18680431818020507
1 0.813259724249975 0.6100633510185195 0.37348055150005 0.3965141970501654
1 0.6616461666691534 0.07756065558991201 0.25598464103061447 0.13649138611220718
1 0.6931633466520126 0.8529065621865777 0.5509703380066415 0.2941868756268447
1 0.7163211794921529 0.1445265902798843 0.2658941636436882 0.19907530469359283
1 0.4574415366031569 0.17841456605590417 0.16802345455088016 0.14695812312580325
1 0.40546430956560975 0.23271698426308424 0.1843108601439294 0.11123610514365354
1 0.569146649891498 0.22357196490631234 0.1475661846213527 0.16100356643264474
1 0.3337901319467588 0.32508232767022077 0.2708980801938952 0.20156306942882468
1 0.7961134904552789 0.34275389609862894 0.3669536158604011 0.26084983016746
1 0.5115029023446117 0.3701916839377587 0.26466766294493016 0.21345642232597697
1 0.3711228850986306 0.45895734140630345 0.24847856783922112 0.1915700511972046
1 0.32299641004587165 0.6045429745235981 0.4590355114329435 0.3008638623846331