1 0.4876727194461494 0.5870553891838475 0.2323763090139732 0.17477409525524507
1 0.7657629918603365 0.5933648716942613 0.42286916988398865 0.37473149217324686
1 0.6823296994052505 0.060857092951574814 0.24453174164114924 0.12171418590314963
1 0.5545956998245907 0.8443276236886785 0.5238511515840953 0.28646290862155155
1 0.7230214460915696 0.1265733255180076 0.24742928713035595 0.18721299470099298
1 0.4575905272592034 0.15349802048492286 0.15368950874964027 0.1388820161599747
1 0.39478579828183474 0.20692933227810292 0.1757122864695232 0.10111992549263132
1 0.5606511828972194 0.20210314249815678 0.1329367550356529 0.15507943622212217
1 0.3047879909898335 0.2983546796398032 0.25236295967670946 0.18975673041367816
1 0.7629828653941323 0.3258256389963518 0.3439508523809015 0.2428254564829692
1 0.472689502662365 0.34627321568563335 0.2433774762546306 0.20149618206523087
1 0.31462301082106237 0.43127852772232816 0.23022442333744936 0.17951184278351795
1 0.23747863827851565 0.5751338494024171 0.43212705702195797 0.27659346854207156