1 0.4602893204447399 0.5974774296748983 0.26825111969874327 0.2120716000342641
1 0.2178170475524695 0.6835289199676938 0.435634095104939 0.4405225826274096
1 0.20623668623992641 0.13089604612447686 0.2701443708947303 0.1736660041374809
1 0.42515606413491863 0.83925976711308 0.5739784506938924 0.3165015775106259
1 0.17489419054690902 0.2117185907432879 0.2861709581925557 0.22669047593398434
1 0.43908132077462586 0.16421255275916366 0.18287729907834246 0.16304365335650242
1 0.5073535700556046 0.19824316915979348 0.19493239259815892 0.13196148105076808
1 0.34329036035146626 0.23978070661755468 0.1669611388488273 0.1748670851490899
1 0.6070027583719096 0.2619302645302137 0.2913429556392113 0.2315541108064319
1 0.17776380322038215 0.41844935997405713 0.3555276064407643 0.29998065440922844
1 0.4472545773928975 0.3574564409611918 0.2848600274555991 0.24108558157468366
1 0.6124272144809415 0.3963638358101439 0.26621157868386025 0.2168513210595788
1 0.7053919712605835 0.5165692870783263 0.4875862789743269 0.34912048621650055