1 0.8647550763964831 0.2311877836059953 0.2704898472070339 0.16169004708147983
1 0.49424951962529395 0.17657422344998314 0.4524495272297799 0.21061661894551328
1 0.2271307403909242 0.4808384669456256 0.16091066136147184 0.7104847744474186
1 0.8691270830941509 0.406724533303769 0.26174583381169825 0.14245927785071053
1 0.8711064647552262 0.6350339374521491 0.25778707048954747 0.16923746834504533
1 0.9252827721547947 0.8765118289070262 0.14943445569041047 0.16224322389682955
1 0.5299949050583288 0.78885689380687 0.4776633794672148 0.24058238213175706
1 0.38504786873176644 0.8437039613150383 0.09985955612682645 0.3125920773699234
1 0.5096010155589126 0.5827682429829786 0.47197414413529243 0.21872384487912377
1 0.4913660991510565 0.37078193770848106 0.4422464472649086 0.1957456982864003
1 0.11900873670644997 0.09431643252474024 0.23762567651324215 0.17901748043409588
1 0.09959633097347503 0.23616968887149176 0.18802645030670298 0.198300916204522