1 0.10912055876160985 0.2676600255986023 0.2182411175232197 0.19397389735105078
1 0.43203304857521396 0.16643729457736625 0.4886389383022787 0.26294779470210145
1 0.7448664932933057 0.4295021540905546 0.30263616443190744 0.7157343906077447
1 0.1156570374101143 0.4385848582658362 0.2313140748202286 0.17524663960859554
1 0.1315386587396729 0.6662937905833045 0.2630773174793458 0.20236029595198837
1 0.09520445921805634 0.9097373395352754 0.19040891843611268 0.18052532092944937
1 0.4851198028703006 0.7704469649063123 0.5204294221709396 0.29710515234426155
1 0.6399880818523519 0.8164855088612699 0.16646253099430136 0.3389301411079529
1 0.47655378460035713 0.5656584896317681 0.5089212539696576 0.2753026997968749
1 0.46360069259736536 0.35597840346814597 0.4753578518091164 0.24831492132556043
1 0.796319805480983 0.07529150036913597 0.2727450044226494 0.1271697165316724
1 0.8393798170084762 0.17475131742672415 0.23287014355128177 0.22008053071781575