1 0.8637365985940438 0.1309283685678444 0.2725268028119122 0.16803300420580933
1 0.4915615782085471 0.11972321436410428 0.4491315995434829 0.22100110627295536
1 0.21889891980213713 0.4566137758819384 0.14860492956292798 0.7135720544636853
1 0.8664916405331998 0.30632509114964307 0.2670167189336003 0.14880223497504005
1 0.8665915631567843 0.5347745224139983 0.26681687368643137 0.17574882256117108
1 0.9186679163245195 0.7705113021138974 0.162664167350961 0.1664531511917386
1 0.5166181966015497 0.7307456406772153 0.47384146276527805 0.2515281930985206
1 0.3704321872782058 0.8119968400390565 0.09414768061623956 0.33297443564895757
1 0.4998152288385688 0.5260572610130748 0.4685302191950856 0.22955739111802295
1 0.48527623187873953 0.31519117266637786 0.4391805140864318 0.20590565615811393
1 0.11745477057489323 0.08653846153846154 0.23468574058867536 0.17307692307692307
1 0.0955434193060365 0.22566765517336143 0.18470852262040616 0.20251084349943096