1 0.1215782766987556 0.8277264227172784 0.07618144782349458 0.10136710832816767
1 0.21366421723883564 0.8199764552948702 0.11014338489933867 0.10637059298526698
1 0.31521149693330136 0.8097667010473567 0.11254723105318476 0.1063845781530819
1 0.4122125931226418 0.8224284481809188 0.13929762966749046 0.111346107306737
1 0.1551265019166898 0.7133059825567346 0.06875498267882002 0.06047375337715321
1 0.2510492798790375 0.7091408066133733 0.09239218905642185 0.09184961988748643
1 0.3315781260328837 0.7086723034915777 0.08293084990203617 0.09419752537007343
1 0.42230809803504177 0.6985254824992307 0.09495008067126694 0.0942674512091475
1 0.5453179637391053 0.8168445790595052 0.10758549328449359 0.10395276166360591
1 0.5986826994207362 0.692689880357151 0.1847234968907066 0.1452516864812493
1 0.6564036053184563 0.8053769610638094 0.1036411925206578 0.07990031495732972
1 0.9980975027259571 0.7863963221434077 0.0038049945480857707 0.12769753467795708
1 0.9858329046625217 0.6518298856153749 0.02833419067495659 0.09894927700650659
0 0.7307835298719371 0.5498560251975625 0.5384329402561259 0.8853861715554974