1 0.28168906539455274 0.3870192307692308 0.20808121055172288 0.28365384615384615
1 0.20004268851690746 0.7608173076923077 0.2934195914189175 0.18990384615384615
1 0.659318452522929 0.10216346153846154 0.3306487661924642 0.17067307692307693
1 0.4994917216401149 0.7956730769230769 0.3497863711843718 0.20673076923076922
1 0.14616554952153676 0.4387019230769231 0.20737186446886527 0.31009615384615385
1 0.08404697836272192 0.6069711538461539 0.16809395672544383 0.23317307692307693
1 0.05092237816253482 0.34615384615384615 0.10184475632506965 0.19471153846153846
1 0.581908325822755 0.4098557692307692 0.2532312698696658 0.23798076923076922
1 0.6686026752278716 0.5012019230769231 0.3527455179600766 0.1778846153846154
1 0.5905011863588585 0.9134615384615384 0.23930261234631034 0.17067307692307693
1 0.895620863191072 0.1658653846153846 0.20598545531987447 0.28846153846153844
1 0.3241521010307518 0.13701923076923078 0.3338228396513052 0.18269230769230768
1 0.5561716794019927 0.24879807692307693 0.34516500735440303 0.1346153846153846
1 0.48155235491381837 0.6442307692307693 0.3522225003549425 0.13221153846153846
1 0.8463369299628003 0.6911057692307693 0.2192407345884093 0.1201923076923077
1 0.10336538461538461 0.07091346153846154 0.20673076923076922 0.14182692307692307