1 0.2704326923076923 0.22590206670255356 0.09615384615384616 0.06738225662541684
1 0.6598557692307693 0.16514335044653833 0.057692307692307696 0.06206396935986548
1 0.17668269230769232 0.5959867861431042 0.07932692307692307 0.06851103479289204
1 0.6742788461538461 0.5402523581065719 0.057692307692307696 0.09331396935986547
1 0.1935096153846154 0.9564905643105793 0.06490384615384616 0.06261042706831023
0 0.22115384615384615 0.18396666597454042 0.35096153846153844 0.36793333194908084
0 0.7151442307692307 0.14258713788060523 0.3918269230769231 0.28517427576121046
0 0.2536057692307692 0.5024175193043092 0.4735576923076923 0.40367251772633195
0 0.7512019230769231 0.4250484758831616 0.4735576923076923 0.40367251772633195
0 0.2764423076923077 0.8155909160480803 0.44711538461538464 0.36080345484665016
0 0.7776442307692307 0.7571794130034797 0.3942307692307692 0.38323840601036296