1 0.6700360424161944 0.2019419505541581 0.09865560606286677 0.06173256618317424
1 0.27825827458294145 0.23758550949255053 0.05980161911629896 0.056253525224396646
1 0.7910144372750582 0.5430904745312026 0.08423252913978985 0.06148081043901731
1 0.29101463564114105 0.6106283191831565 0.06235253426898968 0.08750352522439651
1 0.801759400664441 0.9113675512048091 0.06877917576046937 0.07801401848109044
0 0.7149240240031298 0.15981716346343958 0.37303656737835583 0.31963432692687915
0 0.21546373985308653 0.18347190809348823 0.4150792974488286 0.3505054458015457
0 0.7069531580237821 0.47014471716295303 0.49818363637720053 0.36875898476202507
0 0.22765461724299693 0.5172918287979075 0.45530923448599386 0.36875898476202507
0 0.70972606523732 0.8037548414139081 0.4715451044423781 0.3658935864105578
0 0.20651115756291688 0.8365627947071712 0.41302231512583376 0.324105097399931