1 0.3371689427308179 0.45978572704315285 0.13539079812781582 0.13777442983122976
1 0.32423754641596514 0.5258005926831258 0.1026715597540991 0.1015349303419451
1 0.2049084296568221 0.4578146197364159 0.1472141304472177 0.13303666336261152
1 0.18741421409656328 0.5298111304253748 0.1467243843226455 0.12101743259338076
1 0.1990110254447444 0.6079850785127265 0.1206738735299956 0.1304789803628026
1 0.18036386142001964 0.681176519694701 0.13249720584939748 0.12574121389418408
1 0.7260839214382572 0.8562121676208452 0.5478321571234857 0.2796169407862665
1 0.7823335231347978 0.7052034001307962 0.4353329537304045 0.2358442439757031
1 0.33329375957710944 0.807036607515311 0.478349024041616 0.23830403080080814
1 0.5370676999693799 0.6472026173914135 0.4807977546644772 0.2984001846469623
1 0.7823284372327073 0.5309175613930426 0.4353431255345854 0.30063620878703085
1 0.6478119976008855 0.3570504763345835 0.5324090301252047 0.26745785833888785
1 0.37785069932670007 0.27857504578406417 0.5350087747288798 0.2722795358143949
1 0.4216933634977943 0.14544828018580594 0.5349108255039652 0.26987568966054876