1 0.8464460004907063 0.6375957417636736 0.1282866568790793 0.07185146228687272
1 0.871367272754401 0.7069716058996693 0.14089456037585427 0.0792727972018755
1 0.9225360170304688 0.7853964042266965 0.15492796593906222 0.09896511863026583
1 0.9640639064219442 0.6353299400662606 0.07187218715611174 0.06169060689248149
1 0.9806945060733111 0.6900939104710618 0.03861098785337775 0.0641364123370204
0 0.5538893223886093 0.28446187437695764 0.327558921233462 0.5689237487539153
1 0.6093492321816676 0.35767627248148937 0.312940413532202 0.3343200786693699
1 0.7523277328953463 0.7379367039258112 0.17861916691450666 0.3943864398091857
1 0.4325424615683025 0.7868494592932277 0.22125056971252322 0.41673436313557927
1 0.6032648921011325 0.6960040871665736 0.08388883916626479 0.14548954795155403
0 0.3274618009426193 0.26630578546662587 0.0890398247153163 0.17918535339609315
0 0.402275368075622 0.2686108166859174 0.08800954825907284 0.19597031718232338
0 0.12713309558149472 0.27461707854716955 0.10444402285096664 0.1914563399094809
0 0.8891277487288904 0.27576003996596554 0.07329233333830679 0.13330248001955203
0 0.8634215794951371 0.19676879121458513 0.10974247413102844 0.13873956168763682
0 0.6742045181900923 0.2084970367177803 0.06711107133301188 0.11639163836124332
0 0.18978016458033928 0.3048180962798488 0.11170471655617518 0.16277802322609836
0 0.25073494826205694 0.27005232892264264 0.07942444009993171 0.1790175162333218