1 0.2899341823693092 0.46632448512082314 0.062005580600278436 0.07100478337166731
1 0.4148105775193787 0.4574309032853463 0.07806227637220677 0.06006387082942916
0 0.35234286053610336 0.528253042990602 0.1467167251895405 0.5336824443592587
0 0.19689537085782288 0.5810481789476679 0.24585831632450394 0.6238248327228332
0 0.8848090827157328 0.5056526597949877 0.10616311630746612 0.3491415911349635
0 0.949666346750148 0.49170601835761385 0.06708539600193192 0.3370614791435955
0 0.8039721456398886 0.505299829159215 0.08887405684754632 0.3408517344464323
0 0.7260011911008876 0.49788950552290284 0.08631616523270115 0.33829384283158714
0 0.5826803955334059 0.5309451537467715 0.11386907416872602 0.28260412613226593
0 0.5092985218076488 0.3765921238038461 0.10188212641621994 0.2076227589800383
0 0.6806039220830838 0.41532762776500165 0.06989418212795001 0.11938979737058812
0 0.968631922367038 0.3275817159326487 0.03377560859812034 0.07877162245506443
0 0.8856992300593457 0.32226714752818475 0.0647175176761226 0.07596652114035848
0 0.4330220673396363 0.34273949247522617 0.08484027665616076 0.16583310159865994
0 0.668475385566629 0.3409320018457013 0.05402381483374523 0.05852341621943953
0 0.6126477649146711 0.34580241778118687 0.0709116191328054 0.09790922744697178
0 0.24621895672544386 0.5081768661299948 0.16705809566402713 0.4775305912769405