1 0.26418537043851553 0.7286070670982772 0.1367414899459402 0.09997269966209534
1 0.26348800356314167 0.8017703293295858 0.146580675122436 0.11020426612147596
1 0.23310623567649646 0.8886330232984077 0.1783901765252138 0.13624531865292375
1 0.13868282411506472 0.7505677573189088 0.10269599281014961 0.08098914013118676
1 0.12208070653830196 0.8107104932844936 0.10761558539839754 0.08610492336087706
0 0.4313565388989853 0.33127556232785416 0.3963669239518167 0.6326663052219108
1 0.4020927688788465 0.41460950979640615 0.35007437572948746 0.39687445546185174
1 0.38851597863328063 0.7992223508745779 0.22831747398750032 0.401555298250844
1 0.7111618846422549 0.7866531266291854 0.2723140565803422 0.4266937467416291
1 0.518965087676069 0.7437339628872432 0.09979060527190188 0.16241181843995825
0 0.6436483174530985 0.27407214681829967 0.11013334171089759 0.19427800028395398
0 0.5732104321069981 0.2899604980265228 0.11292883884668825 0.21125896882187606
0 0.8398125496837608 0.24583849000482935 0.12969981178333365 0.2099334408950226
0 0.10616791632451955 0.38484461040122697 0.08983951981485055 0.1473725596728856
0 0.10546753463199811 0.3031908639009572 0.12617696282393176 0.16170247235710059
0 0.29095433452104724 0.280273617897607 0.08218038023108984 0.12767965405911935
0 0.7891649349712074 0.28699766643950564 0.12908436024027792 0.1834911332027149
0 0.7190337704575855 0.26450150191668975 0.1004620069552353 0.1912579722861121