1 0.30904208989072346 0.8717064305350395 0.34911548153675054 0.2565871389299211
1 0.6781606283305428 0.8656712785311227 0.32082936007011564 0.2686574429377545
1 0.15048764193188505 0.6176292672707634 0.3009752838637701 0.2603295530850322
1 0.49207032039932475 0.611595111025495 0.32918467183158245 0.25802365615610046
1 0.7687226402339521 0.6192535026598873 0.26316076091869817 0.23614825785264115
1 0.13557934223672105 0.3848745196252939 0.2711586844734421 0.21519928704242688
1 0.1509991356543935 0.17598477730296466 0.301998271308787 0.23781339467618676
1 0.46784106895851196 0.15881702345613774 0.33245227509559744 0.23177724691362164
1 0.7681699758239564 0.1529828558041404 0.29527451802886706 0.2110772393091357
1 0.47737683840647244 0.38811292570820954 0.32862463945206355 0.24840827154071582
1 0.759525036752746 0.3634663181030505 0.20140821847487717 0.16408593799315588