1 0.8278040122384093 0.6194129111452831 0.3372044701706578 0.6227226269663146
1 0.963551666822842 0.7102550569192415 0.07289666635431594 0.40104233050576543
1 0.5534574597779498 0.6257714304778379 0.34253518008348405 0.668493653114306
1 0.40628184287418195 0.7173277447214438 0.28219550134878174 0.5125905655449489
1 0.1630921261748607 0.7585685656627176 0.2428419731379742 0.4222769687038389
1 0.6283691738223024 0.2527651276409609 0.23788023536928302 0.4196772241001638
1 0.2606111528949095 0.28703110289609796 0.24651046599653673 0.3672823548401206
1 0.3836874270380787 0.1653838187776967 0.24752790300139219 0.3307676375553934
1 0.7069134128971807 0.103287886107681 0.22632682579436128 0.206575772215362
1 0.520785522943465 0.071321619011888 0.13772489204077615 0.142643238023776
1 0.06949292696709014 0.14418588476175417 0.13374830826021578 0.21643592278418394
1 0.12517711644944304 0.3925697225506658 0.22016132254309081 0.33024517028328376
1 0.8974943221171597 0.13465523673673355 0.20281138186103384 0.2693104734734671
1 0.8265218217622172 0.015578124013688247 0.1145821050628961 0.031156248027376494