1 0.7798294258676228 0.6947115384615384 0.2867169640856467 0.6009615384615384
1 0.9381793597860747 0.8125 0.12364128042785055 0.375
1 0.5079978379715404 0.6466346153846154 0.2880459148946173 0.6466346153846154
1 0.3451179683082763 0.7079326923076923 0.2378963720886918 0.49278846153846156
1 0.1080593430367521 0.6983173076923077 0.18730143695266632 0.40625
1 0.6529039218787884 0.2980769230769231 0.20158462431690438 0.4014423076923077
1 0.28396137147990497 0.25841346153846156 0.21694270702601756 0.35096153846153844
1 0.4301320970621666 0.15985576923076922 0.2208411172012562 0.31971153846153844
1 0.7648041601192197 0.13701923076923078 0.20686343260827927 0.25240384615384615
1 0.5842138089001618 0.08533653846153846 0.1225447065389881 0.16346153846153846
1 0.11206787400765111 0.09254807692307693 0.14240497878453298 0.18509615384615385
1 0.1166585057957559 0.3329326923076923 0.22063128286299777 0.3125
1 0.9256427693525265 0.2283653846153846 0.14871446129494686 0.2692307692307692
1 0.8998299646749944 0.06850961538461539 0.10870691150485029 0.10096153846153846