1 0.7380412103103636 0.8210698102874947 0.3376739761762791 0.2540369786343609
1 0.3716391579208927 0.8555478817592193 0.30944400417412116 0.2626450333605605
1 0.8582687846991515 0.5404569995964565 0.283462430601697 0.24366609660208766
1 0.5235491292131657 0.5755913571217955 0.3176729796405151 0.24134619460567358
1 0.24903238978334488 0.6152930121495623 0.25409466141352244 0.22233672343551625
1 0.8496913645398537 0.30761969930310795 0.27193902149530114 0.20137366131035755
1 0.8051934548939434 0.10633008404898181 0.29480600056790796 0.21266016809796362
1 0.4884249216997477 0.12147429443845272 0.32319001803106506 0.21515571938566216
1 0.19037843923389314 0.15115611126951664 0.2860540074963801 0.1970696339472578
1 0.5079439555328402 0.3508737138158962 0.3194606439503654 0.23181475414772107
1 0.2266939555328402 0.3606951802354503 0.19449292696709014 0.15309831550688596