1 0.1756985956038755 0.8738280618713142 0.08536071935120773 0.10515578910427337
1 0.26687310282934973 0.8591552191950858 0.11999568671762727 0.11795832183739317
1 0.3649648121525904 0.8410444577089213 0.12239953287147341 0.11801427197767111
1 0.46261491774713165 0.8469162076209404 0.15163813520265662 0.12349336596869656
1 0.19613168464373357 0.7567389770863249 0.07260574685558843 0.06647045008162422
1 0.2888024513099029 0.7456998787110045 0.10159896970058678 0.09833590162467942
1 0.3686445126149477 0.7391607468718485 0.09217980932771684 0.10051594721741462
1 0.45721894944406116 0.7220281079014961 0.10439526433946228 0.10319954407264967
1 0.5932566622685528 0.8307626961054491 0.11979946247511258 0.11555447568354701
1 0.6307374762496837 0.7020740066033124 0.19804695385212193 0.1629620069552353
1 0.7008656440859208 0.8116738121034728 0.11302952774227365 0.09140411386453014
1 0.9938177461642905 0.6307769335953 0.01236450767141898 0.10711203413589754
0 0.7133780142205158 0.5421552526589211 0.5732439715589682 0.9156894946821578