1 0.6646440864970381 0.4639155480435608 0.11127618146766292 0.12921862284798252
1 0.6986405692623469 0.5255569182079969 0.08705591274760903 0.09600638042283577
1 0.7918241699658476 0.4358538944352998 0.12567128805511027 0.12558827599537828
1 0.8318652310353087 0.503995440590638 0.1303950693559136 0.1115576475573307
1 0.845533910251536 0.5819977508475456 0.09922898036280259 0.1234298093277167
1 0.8867699018140127 0.6490354860472181 0.11120625562858887 0.11719939207875175
1 0.4138423434131357 0.9042751712148115 0.5323548282573689 0.19144965757037696
1 0.28694815452938016 0.7958928869570122 0.47687057436950026 0.19510240001790452
1 0.7759474369451813 0.7999630522435697 0.44810512610963743 0.19794784990045036
1 0.5325801936527045 0.6849962564301505 0.44602614423612946 0.26226302332675233
1 0.2522873762928687 0.6200688244848837 0.41241425358572753 0.26672742239308556
1 0.3328294062593802 0.4224135256534594 0.508274411215463 0.22409562286290302
1 0.5675532340996007 0.29500888603528164 0.510692242537124 0.22669569325926384
1 0.4827473306598751 0.17275642216265283 0.5106782573693092 0.2242918471054177