1 0.653970340486225 0.20354962162754836 0.09934088821426539 0.06845451488517416
1 0.2685437886818898 0.2687857549086697 0.06079543590559407 0.06079543590559407
1 0.8340744624932899 0.5314105785755892 0.0849178112911882 0.0682866871909086
1 0.34719687478580813 0.6375392256891586 0.06596675488419515 0.09210137847034917
1 0.9091777219311944 0.8953144001248194 0.07066256206237725 0.0825419364197198
0 0.6880297702345465 0.1690854503500656 0.3787481518385994 0.32647890466629137
0 0.20295717230573435 0.21991165028398474 0.4059143446114687 0.38213099287566177
0 0.7386758409636391 0.46538788112663876 0.5022673580032143 0.40723236314447236
0 0.2485940220278682 0.5498119846496489 0.4971880440557364 0.4096362092983185
0 0.7769250686114035 0.7940023785682467 0.4324998769769206 0.4016135036478295
0 0.3026960655266486 0.8431494594941954 0.42193346876069737 0.3137010810116092