1 0.020051034772464206 0.8082986355783764 0.04010206954492841 0.10233791086944585
1 0.09866998861784985 0.8113551051248412 0.1045780403875223 0.10910571650545528
1 0.20111346634607094 0.8124977568495392 0.10698188654136846 0.10924572460033488
1 0.29494532466395584 0.8372588458280592 0.1358280403875223 0.11092582173889198
1 0.0581653569348793 0.6992499472746858 0.06345634812326825 0.06119251006430204
1 0.15424919904128556 0.7060521941467996 0.08677106064644088 0.09129873676437364
1 0.23456803305281207 0.7143482345560412 0.0774356922208158 0.09554639669254673
1 0.3261942030887255 0.71486084985378 0.0893149148951668 0.09384259101309968
1 0.4282887821549775 0.8462312181708094 0.10443803229264258 0.10670187035160913
1 0.5037988022835813 0.7300291411825751 0.1762496921773775 0.14681979741081472
1 0.5402776404511432 0.8491358253519494 0.1006341051899988 0.08252340071826772
1 0.9210772436934391 0.8749328776211619 0.06964041283886829 0.1262363643130278
1 0.9229780856695307 0.7387655496916546 0.0801195545644213 0.1004940970951192
0 0.6929196280699131 0.581629447144371 0.5598782906772213 0.8367411057112578