1 0.07258279561429812 0.7206073783184395 0.0543007890024327 0.09639558501188415
0 0.4764024170825023 0.6706595344965417 0.2506447431399795 0.6176113732033796
0 0.8390668964040207 0.6888331437239917 0.28366600947532394 0.5449818460140661
0 0.8749837465350802 0.4254911204488189 0.11217263457080079 0.3392998051697228
0 0.7616111804046531 0.4410275762812779 0.10584263913349218 0.3605564798383547
0 0.6130134903783065 0.438021043385962 0.11826184708926518 0.2532652645859059
0 0.49232325627454226 0.33880278502711125 0.08726081029499337 0.1988688863373566
0 0.3620972346892425 0.3264379388033751 0.12395926270807182 0.1576153393867044
0 0.27894211155377163 0.3068087856180541 0.050766436618628265 0.12739362453456196
0 0.21928672921973277 0.2991409838922753 0.05086438584354269 0.12979747068840813
0 0.12068006229958325 0.3055080967543058 0.06347131196226016 0.14485044880479087
0 0.7139974710743526 0.40274478655844703 0.09196237309088673 0.314253501721972
0 0.12435525686002052 0.5979584559722391 0.17722749470546065 0.28753879031377355