1 0.20281861061900575 0.8171521661239874 0.4056372212380115 0.3368495139058713
1 0.6313467992222276 0.6509058009352489 0.2796666858010769 0.2939422256769214
1 0.42800727481602546 0.5427623794251777 0.23765725741845772 0.31747720413258607
1 0.2237382310487909 0.5211154625300016 0.22907015795093066 0.2453058769524462
1 0.06703873899781822 0.5387543948611893 0.13407747799563643 0.23499121027762138
1 0.8586515734282767 0.7143263270577678 0.1861788678976835 0.2520139323311876
1 0.8826916953703638 0.43897405731287276 0.2000980238661158 0.24256637541006876
1 0.6655743276633166 0.38744689118888537 0.13090062797850605 0.20572548719580347
1 0.5543640529870711 0.10285769120601748 0.16595047837690904 0.1869142872006983
1 0.7170799316359269 0.16102382656811642 0.09891518978510742 0.099648572320419
1 0.25049203893173494 0.21690305329776388 0.2203366350061742 0.2620209148998588
1 0.11451808614291356 0.08500088307300718 0.13154075079109598 0.17000176614601437
1 0.4764059197028691 0.28394333429224083 0.23211412691736683 0.2117079733633553