1 0.8760551063484001 0.7801189039482745 0.05910848131012504 0.09793950909807646
0 0.4716436993872672 0.7102124382427651 0.26997346159566316 0.5795751235144697
0 0.12972610365654652 0.7379807692307693 0.25945220731309304 0.5240384615384616
0 0.08473258964713189 0.4947024829262947 0.12428981456494584 0.3449174797346139
0 0.1987193835049953 0.5081624222843618 0.11795981912763744 0.3660056374107847
0 0.3471925919284776 0.5037398053074787 0.1256692840006325 0.2611471694889617
0 0.47309248704377305 0.4023615869893752 0.09457029798144626 0.20367287711672138
0 0.6038306969881526 0.38936128727984176 0.1288649042406786 0.16313593488971415
0 0.6890917284592841 0.3680923964424662 0.05557412892632057 0.12882520395911307
0 0.7485246799655444 0.35933398054861093 0.05577002737614943 0.13363289626680536
0 0.847131346885694 0.3656003128204324 0.06837695349486676 0.1489667360372902
0 0.24855939263037846 0.4685362429047625 0.10167570693118605 0.31923964507081826
0 0.8303738491384389 0.6585052384507001 0.18703877777067418 0.29695098372600104