1 0.42949734662592426 0.873278823539506 0.49386724918461494 0.2534423529209879
1 0.7659339236574775 0.6180079671555402 0.29269496541752077 0.3096568834144653
1 0.527472603205056 0.5863681444166471 0.2513185182341875 0.32902385450317995
1 0.33540464148539767 0.6337300725387399 0.2402015473068372 0.256656509410473
1 0.1888141580518505 0.7086000295721183 0.18145769317791977 0.24161375291337453
1 0.9502079111870366 0.6017019578658136 0.09958417762592667 0.257180873603686
1 0.8838308099763528 0.3382441759712637 0.2183566226348998 0.2531188411086764
1 0.6599271423913812 0.3635986588023998 0.14068275255584012 0.21315576140248826
1 0.41284423120434444 0.1376882284372822 0.1750579705649568 0.19581469575163635
1 0.5874837632858261 0.13726940124416204 0.10477652693404539 0.10359690185413857
1 0.20121314558140965 0.3443441255258112 0.2344621738565522 0.2731054917714126
1 0.040472007250284436 0.24379630344775077 0.057809992895156266 0.22316952997242462
1 0.43818759037222155 0.3316387746572117 0.24206490959202234 0.22325462373394916