1 0.48395910875165005 0.0633445348702003 0.10448719307368612 0.10684187844648871
1 0.8819902913503262 0.39063285102661294 0.12067309730283672 0.15816269624653664
1 0.7124237047303089 0.08737338528867762 0.06717033840451236 0.06868406471559987
1 0.7216156409185219 0.7299703528874395 0.06211081362452393 0.06119251006430204
1 0.1928571588698113 0.10799974916732283 0.08550825631521312 0.11293335214898903
1 0.49219712479642586 0.6096476482202362 0.07041362613267953 0.09286253434894111
1 0.13473757321152163 0.6509415466650138 0.059706967470677746 0.0610525019694219
1 0.38481007970192205 0.7074341744308594 0.04668040681226197 0.03150630764886951
1 0.34082354500510775 0.9653220448259066 0.051655987434818446 0.03659401614632129
1 0.6155220202371949 0.2784898872146615 0.05140415496252226 0.029382477684782825
1 0.29410489375414084 0.2827578909580336 0.04925214128097229 0.03645400805144155
0 0.822279494340838 0.26114698411430826 0.34648206560475303 0.5222939682286165
0 0.4926512095340811 0.7950938223035895 0.2624237352999487 0.37033007263672657
0 0.21362190016722088 0.771601295723741 0.3569826424625852 0.3302573195088404
0 0.8342643866342738 0.7462265108896288 0.33147122673145246 0.4200633843113168
0 0.47375233644483006 0.32287806116769996 0.39156753342580536 0.5649704854755947
0 0.18587840708531617 0.35650595563019516 0.36420184000174466 0.5369880887396097