1 0.33176034227669765 0.406768881201035 0.06775521767776577 0.07927351333117535
1 0.4567743274445125 0.4048076311684127 0.08210836876176873 0.0677579475065371
0 0.3886423115908966 0.47210388580907325 0.19541239956257714 0.540369378748413
0 0.2290103050451641 0.5161477107398456 0.3041588683660607 0.6427045581405492
0 0.9188442253599364 0.48003650678760607 0.1390610652701909 0.3557463554351673
0 0.9673251155931897 0.4710621410199938 0.06534976881362062 0.33888889794655996
0 0.8394753467795688 0.4755951255213264 0.11977435536816253 0.3454594175603261
0 0.7624613662656957 0.4626563385591531 0.11735652404650174 0.34297162724904784
0 0.6171475478844292 0.4881676523914867 0.13868346573919155 0.29084250928132127
0 0.5573233034555144 0.33036851501780357 0.11901915630616368 0.2156517252526337
0 0.7247052774236551 0.3786209345378121 0.0800541518032925 0.12777015719525872
0 0.9370191144206884 0.29787456891276476 0.07017304899942681 0.0817613036424536
0 0.48376824791035516 0.29206342720409756 0.0995506392225428 0.17411478737779248
0 0.7194570523297966 0.3030676690065223 0.058055922055492405 0.06451465977837009
0 0.662966667714412 0.30504035670617635 0.07752443913911314 0.1060515976532114
0 0.285102112377827 0.44566540765557605 0.21194563411538944 0.4904762186196685