1 0.652653645694864 0.4554302099657865 0.07812641940827666 0.0831063302367577
1 0.5395280060534755 0.4158671746177757 0.0892348873300995 0.07171700066083275
0 0.5703212052214949 0.49925101938006616 0.25918787042490976 0.5451180478720115
0 0.6951555646190296 0.5896778754844718 0.37741520142005885 0.6518746773119631
0 0.08779346903712483 0.34269961120994846 0.17558693807424966 0.3590242737358525
0 0.0496417318845327 0.3132082237415626 0.0992834637690654 0.3399297063630286
0 0.16046827480727893 0.3627067051112531 0.16048104948176836 0.3484010472111786
0 0.23611628374398477 0.3755022605510191 0.15771289818895898 0.34346737466482513
0 0.35546955409005593 0.4434705189098697 0.1733006160300967 0.2963982934971913
0 0.4814369498798955 0.31356240041172667 0.14361542483770642 0.22061926034134904
0 0.30834209542767965 0.3070709677146606 0.09360654899765727 0.12940930835314052
0 0.0711838515761307 0.15070175868926702 0.05427011043929664 0.08425037400399236
0 0.1527503996127112 0.1643842866093033 0.07830857197775817 0.08551017639060393
0 0.5663001755424373 0.29953770744320163 0.1187020632024225 0.17621620742416783
0 0.348298136603933 0.2379365619463815 0.06501427322215637 0.0680533521203751
0 0.3983414557862911 0.256862602199782 0.08974548228795858 0.11005255888371004
0 0.6762905199355 0.5068660526057985 0.2675640498045089 0.4976710259883941