1 0.6663691005093768 0.412018853766243 0.12712913834748654 0.13337487605808734
1 0.7068033266705693 0.4696283548523397 0.09710776629728347 0.09888169255120698
1 0.7860005039725338 0.36507029589615897 0.13898048080185313 0.12891690764749258
1 0.8349321358296199 0.4253284498640702 0.14096460616853898 0.11696762165768139
1 0.859210992173346 0.5016791067249996 0.11494201926339159 0.1282174598532975
1 0.9081845961091481 0.5631391837698339 0.12430557140647981 0.12128570050943702
1 0.4817804920960256 0.8920460061513086 0.5485882470991366 0.21590798769738292
1 0.3390416209543813 0.8035290027809803 0.49022438614737207 0.21598197758639842
1 0.7941888379115729 0.7295327673215293 0.41162232417685424 0.21932082952628099
1 0.5655564045674496 0.654028673994963 0.47094020717085516 0.2826601668793152
1 0.28264278862465003 0.6325890085670167 0.4398580954857193 0.28655857705455373
1 0.33535185661678035 0.4227991665140429 0.5249695063478353 0.24821120449827147
1 0.5481418214391022 0.2584910645181414 0.5274572966591138 0.25068499543153716
1 0.4483364044369603 0.15112596564905334 0.5297771986555276 0.24835109405711048