1 0.39879877755057463 0.8378028147881321 0.3375624902707329 0.2504677273001214
1 0.7679713147354408 0.8230206575715949 0.30962709927198684 0.2611434268612442
1 0.21040168785362978 0.5800150801687628 0.3153814171776727 0.24224854043250205
1 0.5641313776079776 0.5683645151771304 0.31760311076203745 0.2399566552126649
1 0.8429596000788386 0.5710580272990897 0.2516063491913015 0.22251063307134472
1 0.19032904246007082 0.34695396417969493 0.2690155927272552 0.1993678590049552
1 0.19500553750760685 0.138069603932926 0.2921074286677232 0.21960627664180554
1 0.5116756958221137 0.11487729910527497 0.32281097095927846 0.2138502303223842
1 0.8124296939071053 0.10448795158491778 0.28547821066521534 0.19534389323532597
1 0.5362828046691426 0.34410872399555564 0.3192783466379571 0.23045323153128933
1 0.8163488129675123 0.31538429471650126 0.19602530801504842 0.1528517611494631