1 0.7007653611305416 0.3439902929064652 0.23462351007130577 0.31052353371093516
1 0.8148662804839605 0.7060591140725131 0.31194497094893453 0.22924301967901073
1 0.2996942229409498 0.11235496663943938 0.3448429356708137 0.21599516095998303
1 0.5226576601240653 0.7824900146674291 0.3683672546353464 0.25280835068456425
1 0.8385353625220971 0.3765070633961677 0.23588331245791713 0.33456199524939667
1 0.9093637302990343 0.5347526264298852 0.18127253940193155 0.2595390995355735
1 0.9316759045673598 0.2696999683260676 0.13570832028619834 0.20869201926339154
1 0.4042580802272409 0.4073259558913752 0.2732212503907896 0.26868135361804996
1 0.32781848102024025 0.5111415957056047 0.3693853181639199 0.2264499871496885
1 0.4421662500413393 0.9008966197195996 0.25413690463724975 0.17923538098114952
1 0.09522087638679716 0.20860041602833854 0.18439470131785882 0.3135683987125537
1 0.6337658482062345 0.10678797285074768 0.35028052917181185 0.21357594570149535
1 0.41612411630597457 0.24315089209166404 0.3575022892526344 0.1828449797507294
1 0.5266771457383127 0.6294260631110379 0.3621840013216655 0.1806090219117474
1 0.16930760793760705 0.7261942741891821 0.23086454615003937 0.14722988356426087
1 0.8467105356085372 0.04364692852827547 0.22226722506322824 0.08729385705655093