1 0.5764639533198965 0.1403541468373985 0.12258797355926945 0.12602503313757693
1 0.8484965543737574 0.5933016969316124 0.1461815734421738 0.17561479589597015
1 0.7843293189240662 0.24529058782544874 0.07755565674157858 0.07973012300540584
1 0.5907891881269077 0.8537163646618773 0.0699523213803824 0.06961045849619787
1 0.28611075706359174 0.07786350344524338 0.10085540894973964 0.12210834730226061
1 0.4119842269097862 0.6567949033022089 0.08574668745226159 0.10427286443769071
1 0.0625633436689292 0.5648615428461409 0.06754847522653627 0.06944236519825663
1 0.27967882936677546 0.7090159421364647 0.05195000760448592 0.0395876515644561
1 0.15820300994639888 0.9391803730129714 0.05714949681183608 0.049539222775722945
1 0.6326278762218492 0.3889670971461642 0.0566597506872638 0.03751999200649218
1 0.32860866446383336 0.2773069242404687 0.054549752208161065 0.04456343717008952
0 0.8098758216445207 0.4170310011938078 0.3757426923648939 0.632714698422482
0 0.35305329195842466 0.8122390634116834 0.3212541851995167 0.37552187317663327
0 0.1505281506293891 0.7083776355774405 0.3010563012587782 0.38310142500103467
0 0.6926098273781688 0.8372520181050513 0.39459802526977394 0.3254959637898972
0 0.48474236314785357 0.37983128239970776 0.48092422778463795 0.6256877266088149
0 0.21379538385493602 0.3046237650552222 0.42759076770987203 0.5948244531873674