1 0.35104003205373213 0.3579328640087258 0.2585856677189851 0.316695929069283
1 0.24562931106645458 0.712701155093506 0.3239569552392509 0.24339351773014428
1 0.7462412468286755 0.1547084253196221 0.357050769013578 0.2343655631844594
1 0.5393411530859843 0.8078805007458765 0.38332936007011575 0.2732466945529261
1 0.21428896320381588 0.3807605894092726 0.2625296029165088 0.3431801960522836
1 0.1342371695363734 0.5318523264228687 0.22227166776242344 0.27043542207650656
1 0.11763435602267588 0.2674082698544453 0.1540076273314629 0.21161021353549236
1 0.6489295299539953 0.4423788205501742 0.29254323860348097 0.28126762612198325
1 0.7285472019158925 0.5518316558393825 0.3817892710264384 0.24680438686061842
1 0.620580772409444 0.9185027366368554 0.2647482670441559 0.16299452672628909
1 0.9245351538027157 0.26729331105762366 0.1509296923945687 0.3224388923565725
1 0.4117684654773057 0.12245475586635736 0.36199846941614994 0.23685332791969121
1 0.6333293600701158 0.2776104607849806 0.3648460483955257 0.20328340034723075
1 0.5328544852149653 0.6552782292673385 0.3719175787621843 0.20100543206546304
1 0.8859017284197239 0.7768098807384536 0.22819654316055213 0.1602780919065117
1 0.19984554246554007 0.050315661836812124 0.23142185416184938 0.0976941733251261