1 0.3428202420862235 0.8662961769500518 0.45488471230598126 0.2648900886583263
1 0.7352212949635716 0.6007706156391556 0.24631012930088486 0.2708550149834348
1 0.5011618739646663 0.5483083229302826 0.19991330336251914 0.2988619830157319
1 0.2983750399314206 0.5783171703314809 0.20292459897766457 0.22687247627242585
1 0.13834369979443648 0.6400646328678241 0.14495227509559735 0.22105776098810562
1 0.9485950807316065 0.6062949694119891 0.10280983853678713 0.23788468406502877
1 0.9063284935921937 0.3367014629181534 0.18114997549816947 0.22409099650234424
1 0.6768311899473259 0.34191049825624187 0.10523066378014079 0.19875179695240502
1 0.47010266386701743 0.09767108766551444 0.14455595935184817 0.17302279720187544
1 0.6467034978568248 0.11383882867570704 0.08931491489516684 0.09041088286655677
1 0.21738211713684621 0.2825540915348409 0.1918854248725921 0.2434896028958848
1 0.0456482468069564 0.16403407217806906 0.08457610505968395 0.21520108641309263
1 0.4584667729958604 0.29037739323478867 0.21029985407497287 0.18857877497365882