1 0.21153846153846154 0.6610576923076923 0.12259615384615384 0.06971153846153846
1 0.19471153846153846 0.7319711538461539 0.1346153846153846 0.07692307692307693
1 0.14543269230769232 0.8125 0.16105769230769232 0.09615384615384616
1 0.08173076923076923 0.6658653846153846 0.09134615384615384 0.06009615384615385
1 0.052884615384615384 0.7235576923076923 0.09615384615384616 0.0625
0 0.46274038461538464 0.2932692307692308 0.28125 0.5673076923076923
1 0.41586538461538464 0.3701923076923077 0.2860576923076923 0.3293269230769231
1 0.31850961538461536 0.7572115384615384 0.1466346153846154 0.3918269230769231
1 0.640625 0.7908653846153846 0.1875 0.41586538461538464
1 0.46153846153846156 0.7079326923076923 0.07211538461538461 0.14423076923076922
0 0.6875 0.2644230769230769 0.07451923076923077 0.1778846153846154
0 0.6129807692307693 0.2704326923076923 0.07211538461538461 0.19471153846153846
0 0.8882211538461539 0.2620192307692308 0.0889423076923077 0.18990384615384615
0 0.12740384615384615 0.30288461538461536 0.0625 0.13221153846153846
0 0.14423076923076922 0.22355769230769232 0.0985576923076923 0.13701923076923078
0 0.33413461538461536 0.2247596153846154 0.057692307692307696 0.11538461538461539
0 0.828125 0.2956730769230769 0.0985576923076923 0.16105769230769232
0 0.7644230769230769 0.2644230769230769 0.06490384615384616 0.1778846153846154