1 0.965109285303549 0.574757495348841 0.06978142939290202 0.10606181040702257
0 0.568608251572675 0.6495570520136772 0.3666375169591939 0.6455115148502467
0 0.22243907298990262 0.7445698662578619 0.3858989510478156 0.5104959623453131
0 0.13689657133782068 0.5398800574502521 0.1765430400437304 0.3533682234319379
0 0.2492474393752841 0.5192996559153873 0.1752730160378347 0.3748206862470716
0 0.3901976115912212 0.4687981164927721 0.1651741537063738 0.2734948426465701
0 0.4868860435575645 0.3335617098512182 0.12609293567081373 0.21307024641203867
0 0.6084164761847406 0.28091162175368634 0.15304938593705025 0.17919838493812534
0 0.6844628022468314 0.23532820170707358 0.07651447134924073 0.135090116822658
0 0.7410212877911887 0.20932192465490035 0.07423660543405602 0.13731181040702256
0 0.8362302821550762 0.1840069757217912 0.09194539018160697 0.1554138014703167
0 0.28626531590186133 0.4658133692881722 0.15352264203384236 0.32528654261429596
0 0.8893166449217885 0.47048276729432514 0.22136671015642298 0.3166923479146295