1 0.5491678030896497 0.13207527193057783 0.10943178463006926 0.11573727533042778
1 0.1430601856974799 0.4255307492469997 0.1268181333545445 0.16499085149293874
1 0.3198382512975517 0.13645505428489216 0.07052270565048906 0.07458624410183123
1 0.2960705693335617 0.7772986875655037 0.06319928205944023 0.06446657959262307
1 0.8393906902756635 0.20040743740940717 0.08785311181020898 0.11903212795664994
1 0.5278590677789471 0.6746133528504086 0.0756101107819574 0.09896089223617494
1 0.8841737385545413 0.746366160945696 0.06079543590559393 0.0642984862946821
1 0.6335871836899254 0.7816850266954632 0.048440549747832 0.03461186595882255
1 0.4122201846569911 0.33506624526537687 0.053220270773146686 0.032544206400858755
1 0.7332315456837742 0.36592016207897937 0.05090033846643339 0.0395876515644561
0 0.20631372619104724 0.28824234521448705 0.36935822161286375 0.5734590110660338
0 0.5215434524188061 0.8316208926240236 0.2782621251774802 0.3367582147519528
0 0.8026256247245406 0.8404584257616006 0.36924465235272497 0.3190831484767989
0 0.18205570472013505 0.7806490384615384 0.3510488205699274 0.4387019230769231
0 0.5533906246633544 0.39177470319493296 0.41285122264111523 0.5957154596597434
0 0.8228146666748247 0.44691098481894365 0.3543706666503506 0.5633393465568257