1 0.2692307692307692 0.7110136015276715 0.34615384615384615 0.5779727969446571
1 0.12379807692307693 0.8387416801118779 0.18509615384615385 0.3225166397762443
1 0.53125 0.6658079681332884 0.35336538461538464 0.6683840637334233
1 0.703125 0.726548681957579 0.28846153846153844 0.5305046860891055
1 0.9110576923076923 0.6954024604878349 0.1778846153846154 0.43447628719084563
1 0.3293269230769231 0.3408157666183954 0.24278846153846154 0.43623166848397144
1 0.6875 0.273624309538009 0.25240384615384615 0.3863670810971981
1 0.5252403846153846 0.19471662553596408 0.25240384615384615 0.33829015802027496
1 0.19110576923076922 0.18892930645710931 0.23076923076923078 0.28882682579436125
1 0.36177884615384615 0.12414538034188129 0.13942307692307693 0.18681925212255482
1 0.8293269230769231 0.1240591455831012 0.16346153846153846 0.15230201442485203
1 0.8665865384615384 0.3355814656132004 0.25240384615384615 0.35030938878950574
1 0.0673076923076923 0.29517865752335537 0.1346153846153846 0.29708808427747996
1 0.051682692307692304 0.1295139004884006 0.10336538461538461 0.11960472405372433