1 0.10771904313482138 0.1999795247465715 0.1734508931959567 0.2965327836556213
1 0.42357680943210485 0.3161592808302819 0.1295329845013327 0.13781805627963806
1 0.6725389451312355 0.23377636192747991 0.1153617400505519 0.1441053219751827
1 0.7979968084583015 0.15187356332169327 0.06597224486639966 0.17212036729420468
1 0.9324023326801059 0.1544904937530194 0.0811508192063655 0.19467925544481376
1 0.11758248163309147 0.48243144782349456 0.05451008878750937 0.11861957006559337
1 0.4057654827494598 0.5272821881051775 0.18820974674876195 0.30707244103699965
1 0.6782815117871122 0.5699297098134442 0.16688037358219046 0.24574392350285407
1 0.8285905733540866 0.5471826507794552 0.07306930475882194 0.1006211645228159
1 0.19759627612471306 0.910733459877332 0.20830283288791546 0.17853308024533596
1 0.35626155994559094 0.8610944134650887 0.13476039759618533 0.15014537797086655
1 0.47681634914050086 0.8448352477070744 0.13716424375003144 0.15029942343186556
1 0.3924757029011157 0.9365683576113818 0.046459108751650074 0.0941189721441351
1 0.536832388368033 0.9494168545020885 0.04519994639016877 0.05806127983644252
1 0.6399268437664687 0.8109162079393492 0.13691241127773526 0.1430878849703271
1 0.7075016357522995 0.8572197658091281 0.12198566941006589 0.12774053528125642
1 0.9389004477022709 0.8900369762188739 0.043383709338347225 0.07473415745236686
0 0.15198033658739502 0.1968197503904368 0.15547928632666874 0.33135811227532197
0 0.38483290408658577 0.23692552199222067 0.1726114516216358 0.27249432211715974
0 0.6128052727876838 0.20596378659454398 0.26390419572204193 0.34550169648181345
0 0.8685363508271291 0.24873491315274096 0.1644765274283445 0.2455898780418552
0 0.18905684740070372 0.5373795354232336 0.1771978458687162 0.33514836757815875
0 0.3617140496904664 0.5364515778459276 0.150251873231816 0.31903079058409334
0 0.5940209801663485 0.5609323494477114 0.06832268127449836 0.2394280596018971
0 0.660405286742288 0.5388033146633744 0.15754735585078647 0.32189677312093623
0 0.9119582027053819 0.5424501387966062 0.17608359458923617 0.32691939211176463
0 0.8366682582628198 0.5381064252775669 0.15290755185795854 0.32639637450663084
0 0.14617685395634872 0.8485111101882615 0.17171860030156721 0.30297777962347705
0 0.591754538865082 0.8561416676534067 0.1000229364733429 0.2877166646931866
0 0.6710967291478471 0.8957119649530063 0.10927201004731493 0.20857607009398732
0 0.7740996322606295 0.9271303095167116 0.07583946195408067 0.14573938096657676
0 0.8687272163748561 0.8513392824914114 0.16775034956819576 0.29732143501717717
0 0.9739354919655364 0.9189227827043769 0.052129016068927184 0.1621544345912462