1 0.9134615384615384 0.2969209813863437 0.17307692307692307 0.30980122238413316
1 0.6009615384615384 0.34472913755174434 0.13221153846153846 0.1478115641075376
1 0.3557692307692308 0.20932964943063267 0.1201923076923077 0.1540419813565027
1 0.234375 0.10206455595287262 0.06971153846153846 0.17155588764831006
1 0.09975961538461539 0.08987407529512804 0.0889423076923077 0.17072183543458125
1 0.9002403846153846 0.5782936711294361 0.057692307692307696 0.12249784335881363
1 0.6117788461538461 0.559554454335368 0.1971153846153846 0.32137884942466444
1 0.33774038461538464 0.5443964291502342 0.17307692307692307 0.25932045315336383
1 0.18990384615384615 0.4890594074663512 0.07451923076923077 0.10704448997949328
1 0.8040865384615384 0.9455198228569348 0.21394230769230768 0.1089603542861304
1 0.6490384615384616 0.9039420839404995 0.13942307692307693 0.1604194676043125
1 0.5300480769230769 0.8617770608591001 0.14182692307692307 0.16061569184682703
1 0.6105769230769231 0.961390301526161 0.05048076923076923 0.0772193969476779
1 0.46634615384615385 0.9539328876632306 0.04567307692307692 0.0614205683000864
1 0.36778846153846156 0.7932434629508983 0.14182692307692307 0.15340415338528857
1 0.29927884615384615 0.8249106874238455 0.125 0.13760750676460878
1 0.06850961538461539 0.8072750832193605 0.04326923076923077 0.07805126713449467
0 0.875 0.2841660088907244 0.1658653846153846 0.3404625496565892
0 0.6418269230769231 0.27474764198218604 0.18028846153846154 0.2839475874193695
0 0.41586538461538464 0.1998121785704225 0.27403846153846156 0.3541003328774416
0 0.15985576923076922 0.1825200659733794 0.17307692307692307 0.2593204531533639
0 0.8269230769230769 0.6167799855788926 0.1875 0.3494401063007596
0 0.6538461538461539 0.5786133785793748 0.15865384615384615 0.32785464615981424
0 0.4230769230769231 0.552564312836428 0.07692307692307693 0.2442599449912386
0 0.35697115384615385 0.5159181461672746 0.16826923076923078 0.3334472354375654
0 0.09975961538461539 0.46367215221820496 0.19951923076923078 0.34080584289794835
0 0.18269230769230768 0.4788553501234226 0.16346153846153846 0.3354586331063822
0 0.8581730769230769 0.8906727666810899 0.18269230769230768 0.21865446663782032
0 0.41466346153846156 0.85000430058951 0.11057692307692307 0.29999139882098
0 0.3329326923076923 0.8814261455762726 0.11538461538461539 0.23714770884745479
0 0.23076923076923078 0.8974432965121776 0.08173076923076923 0.18696008578396026
0 0.13822115384615385 0.8045521247138243 0.1778846153846154 0.351059055484547
0 0.028846153846153848 0.844902767833253 0.057692307692307696 0.204228612589583