1 0.8357251746263353 0.1968857148276085 0.18912657382425244 0.2892173983358337
1 0.5428166049517625 0.3160535493487791 0.13540069645737185 0.14626436215599298
1 0.2784225080378737 0.24459462454166883 0.12354931610897452 0.15263543412782574
1 0.1369602658118054 0.16728538100647924 0.07368399842126082 0.17554778256336975
1 0.024457082651495696 0.17123613347453576 0.04891416530299139 0.20785688233368688
1 0.8799395281459932 0.46964644331514144 0.06043386456591877 0.12182270068904867
1 0.5993309448810893 0.5258687746001242 0.20422105243066277 0.3190721119696342
1 0.33443128682660206 0.5795779430909549 0.17878383738525658 0.2572950251440691
1 0.17952308525421962 0.5627263099891366 0.07686913666089754 0.10617243069771366
1 0.8779182885226487 0.9016175177323341 0.2093624357019233 0.19676496453533168
1 0.7108240106992516 0.8563047774635947 0.1428919856202991 0.15878787281904694
1 0.5871098589865912 0.8440422033888573 0.14529583177414537 0.1589559661169882
1 0.6886009139026702 0.931799061354172 0.0526628247016025 0.09727995925676379
1 0.5460746140722749 0.9519296336987223 0.04701588028974362 0.06088608035318926
1 0.41797440598210406 0.8177685489609308 0.1451279813533121 0.15174442765544974
1 0.3590791702738241 0.8654170021180357 0.12796535743472234 0.13614469764678516
1 0.1329487764524031 0.9085945095297708 0.04500368511784192 0.07754491013217109
0 0.7910581952892094 0.20218945035415914 0.1726913017292736 0.3048676683271688
0 0.5663535251058225 0.23583561979948012 0.18655487724957298 0.28183776657635395
0 0.33329234846330114 0.2147228775914981 0.28209528173846177 0.3653164821191351
0 0.08673277962085998 0.26712080636510016 0.17346555924171997 0.2572950251440691
0 0.818416645722756 0.5267421877896901 0.1952770694986113 0.3472458926240236
0 0.6449200965937496 0.5326683164917749 0.16598331453023527 0.3259980038179609
0 0.4166096571795936 0.5660623459901841 0.08246214081057715 0.24335975476488542
0 0.3460318964827987 0.5466805167778439 0.1757105994261755 0.3314780693174175
0 0.09517170388183745 0.5634662564799415 0.1903434077636749 0.33847097449834457
0 0.17010352612980725 0.5536404752589106 0.170958857258761 0.3335457288753814
0 0.9060391004232898 0.8397646209327635 0.15905152677008572 0.32047075813447307
0 0.47804157981906986 0.8556088141798148 0.11801829173386781 0.2887823716403703
0 0.40489111760854624 0.8974745219078811 0.1207558288512822 0.2050509561842378
0 0.3078980193505334 0.9307586747995449 0.08542347848910276 0.13848265040091035
0 0.19891567527152706 0.8567019805828721 0.18476648263878231 0.286596038834256
0 0.08422842676228555 0.9274138421570922 0.10443044715876079 0.1451723156858155