1 0.7958362542253685 0.45788964315181563 0.08157975524995546 0.057134816167628236
0 0.6976988827125804 0.765751811143055 0.2380990620640457 0.42101279752094023
0 0.8346119839700123 0.8780591688123925 0.1333787488736276 0.14959997281933768
0 0.9179672028076031 0.44027740823290523 0.1640655943847938 0.4847976408692309
0 0.6813964184250635 0.6313882021589203 0.3689760155589126 0.5681529740461541
0 0.47530640929968043 0.592874733313301 0.2480980632922038 0.548528543955342
0 0.14613050020357116 0.5451954908526174 0.2595295987119479 0.5343852177336539
0 0.5124354614206929 0.3526010132701919 0.17495830195865955 0.4627713745026711
0 0.8303839138337712 0.30189041384401644 0.19262188359079765 0.42475743716335485
0 0.8623583612164485 0.11226531345250998 0.10109619186858346 0.18247051700929495
0 0.9351818326407417 0.15748978431431546 0.096876194910378 0.19678169365181633
0 0.8955755260016218 0.05268075038124964 0.10365105200324365 0.10536150076249928
0 0.6552051725646296 0.19528595072681568 0.1754562283701162 0.3571140440139959
0 0.4886398814272207 0.039924702479059646 0.09256642901414235 0.07984940495811929
0 0.41403287323725646 0.24060037643333299 0.11188696718294161 0.21154047141655996
0 0.34997585744280635 0.4105201363407583 0.21557472336831596 0.5165511921317308
0 0.32668837566497183 0.193307760259348 0.10389183492208759 0.19214185176495738
0 0.10871787932084523 0.27658017316490374 0.21371368809494146 0.470878115208654
0 0.016814652646596574 0.1764588917465812 0.026185164199695073 0.17112067804529918