1 0.7918301591645999 0.5378808780541211 0.07598807113704052 0.05134787898447503
0 0.6327365563261161 0.8058775425990193 0.2013747899786457 0.3882449148019613
0 0.7448615132863954 0.9425339887626552 0.12135564528885659 0.1149320224746896
0 0.9275533889597717 0.5552121262791551 0.1448932220804567 0.47534785437985916
0 0.6446195106271724 0.681551379572024 0.31862219075400505 0.5443897661949633
0 0.4486968003525839 0.5963669990329343 0.19588614734901208 0.5381555384860128
0 0.13520832470458388 0.4761721651446846 0.209749666036733 0.5190925969495093
0 0.5347050403999367 0.3726842780198568 0.13100802484874882 0.4556975159134258
0 0.8561430877840446 0.3944472903711136 0.1514535789832327 0.4150838728394397
0 0.9266883279531548 0.21744377038139287 0.08443289197454745 0.17640382154923026
0 0.9748388089001618 0.2769393837217422 0.050322382199676295 0.19054718564853113
0 0.9656338442251673 0.130220854489994 0.06873231154966539 0.17148424411202756
0 0.7053817304136781 0.2509141190691565 0.1422835866979478 0.34769226668461456
0 0.5760230435267502 0.05836782879594046 0.08417883651045208 0.08508563898545404
0 0.4600145607728217 0.24205143288202516 0.09248376778911986 0.20533388924251697
0 0.36342457102500253 0.3911170236375503 0.1661307113704047 0.5065698830974815
0 0.3835718485695544 0.1750785538975501 0.08711651724607145 0.1860471774469925
0 0.14815692561438867 0.21919838258335578 0.18092923584416198 0.4370541436125863
0 0.054130759587375135 0.08473599795573393 0.07453772824148462 0.16667655180433524