1 0.7764423076923077 0.520640289081139 0.07932692307692307 0.06323938652436499
0 0.6754807692307693 0.8019507456380942 0.23557692307692307 0.3960985087238116
0 0.8125 0.9317455229668992 0.13221153846153846 0.13650895406620178
0 0.9086538461538461 0.5118565743140551 0.18269230769230768 0.49594816756660276
0 0.6598557692307693 0.6879685333617634 0.3629807692307692 0.5926897802968031
0 0.4543269230769231 0.6363369410031814 0.24278846153846154 0.5626505000151312
0 0.12620192307692307 0.5701229750649863 0.25240384615384615 0.5488997962838187
0 0.49278846153846156 0.3986418183856241 0.17067307692307693 0.47106923953843566
0 0.8100961538461539 0.3667435952523149 0.1875 0.4361882003163313
0 0.84375 0.17799113219272153 0.0985576923076923 0.18718028675404788
0 0.9170673076923077 0.22879105470300293 0.09375 0.2012671770812426
0 0.875 0.11767634506595621 0.10576923076923077 0.12037687434017898
0 0.6358173076923077 0.24998952345927528 0.17067307692307693 0.3677038549230511
0 0.47115384615384615 0.07861936331953857 0.09134615384615384 0.09773369916791681
0 0.3954326923076923 0.2812571167420852 0.11057692307692307 0.21927075324375359
0 0.33052884615384615 0.4473916746207516 0.21153846153846154 0.5268114409880502
0 0.3076923076923077 0.22824671136723398 0.10336538461538461 0.19953570411916094
0 0.09735576923076923 0.30127893241276965 0.19471153846153846 0.4823655571332316