1 0.11968597095927845 0.1964766328644821 0.20134359528059972 0.1881480004870294
1 0.3301673798314362 0.14457847057306886 0.23681896712926165 0.2131656889373641
1 0.5428704822879585 0.09194147973915297 0.25644990424957964 0.18388295947830594
1 0.7705251880007098 0.07087646659395386 0.2141272990783426 0.14175293318790771
1 0.14917249761517098 0.36305432710085317 0.21318067348034891 0.18609387823028076
1 0.18771001980271063 0.5378006761477176 0.23423296840593386 0.21069189800409838
1 0.3923460344844418 0.504141194348409 0.2120518953128738 0.2028508565277844
1 0.3573232052429306 0.3280880050554923 0.2140914363277568 0.19811310899951165
1 0.5754536026250379 0.2976495962001457 0.2665758838228233 0.22602425705962895
1 0.8032531787484083 0.21995149105799172 0.22738573508335838 0.2152897559735322
1 0.6243171883305956 0.4973915231344264 0.2837671120387097 0.23132156282325794
1 0.8549068448807465 0.38586470988987753 0.2901863102385069 0.23874293562305482
1 0.871179763969855 0.5450909761058711 0.25764047206028995 0.2388128804024744
1 0.9054815292128097 0.6981327649887006 0.18903694157438075 0.22511497492717544
1 0.23582706385504915 0.7435871908563235 0.2316469696826062 0.2082181070708328
1 0.44337610024020885 0.6688874624930816 0.23915108778193647 0.2755957441579446
1 0.6689016080616129 0.7201448504787943 0.28595294287248846 0.26016771666941174