1 0.902262703959113 0.2337332378910265 0.19547459208177395 0.19131329961100157
1 0.6869563811081084 0.1829033301488399 0.23423296840593394 0.21451536807174312
1 0.46603848164962247 0.1282997117748705 0.2538639055262519 0.18908070878551653
1 0.23344772518557588 0.09351300057154388 0.21208775806345948 0.17515814213813255
1 0.8991137355603244 0.4013866835232077 0.20177252887935118 0.18706541197335425
1 0.8890809613842365 0.5758038238808914 0.221838077231527 0.21199956098388795
1 0.6854331126841908 0.5421367220176548 0.20946589658954606 0.20378037411626843
1 0.6912756680580644 0.36634971718203463 0.21150543760442903 0.19908464274258503
1 0.46857352506362476 0.3356166189455133 0.2639898850994957 0.227878130049082
1 0.2303001761950638 0.25744871603894687 0.22461758379054933 0.2140675243357071
1 0.4549371107691825 0.5349942415835589 0.281181113315382 0.23346954889483745
1 0.20579124067415872 0.42398255233103793 0.28893910948536505 0.24101697015840287
1 0.19867361731391422 0.5829426340897351 0.2911608030697296 0.2387250849385657
1 0.18509099714535043 0.7356131981287942 0.23273988509949564 0.22642263790696487
1 0.8820062978159606 0.7812470423705569 0.22906097095927846 0.20948375389603277
1 0.6631458707476503 0.7063786730899088 0.23416124290476256 0.2767914462037251
1 0.4466369151155844 0.7573763440841567 0.2833669441491607 0.26231570274099114