1 0.09355316956997858 0.21891852711942336 0.18710633913995717 0.19745243885423136
1 0.30274172521677334 0.1771201727369898 0.23088515080598307 0.22338060397261028
1 0.5191728092123931 0.13310694255870179 0.2495564186339745 0.20034998434343798
1 0.7481816204409721 0.1174308344622809 0.21036752834882494 0.16708430052485948
1 0.10774641629764924 0.3859177338827584 0.20863508387831212 0.1958044741323522
1 0.13614195420443329 0.5618973132585302 0.2284253545118592 0.22085077758010302
1 0.34245410232216833 0.539014777510213 0.20662288870641043 0.2125054169706141
1 0.3177202837864313 0.36082032233858674 0.2089148345797011 0.20782370490158295
1 0.5384275337571045 0.3398955910991595 0.2600670054938035 0.2393154437596211
1 0.7698132210084399 0.2738017038913 0.22132571633087614 0.2252805291718118
1 0.5734471336525103 0.5414934958062994 0.27700582885128217 0.2450049977379414
1 0.8116257382523501 0.4420607130412465 0.28438521773365394 0.2525944769154634
1 0.8355772597632475 0.6021633319396961 0.28438521773365394 0.2525944769154634
1 0.8656782720094546 0.756571286050183 0.2287610553535258 0.23527385450317995
1 0.1698197556722216 0.7694418432309548 0.22596555821773523 0.2183209511875957
1 0.3819187235525101 0.7047439602676522 0.23228390431292759 0.2834767578187642
1 0.6043294379845079 0.7657389686169859 0.2776772305346156 0.27385115158409523