1 0.4111831295038733 0.46994482603554005 0.7210437253581858 0.6278899336273323
0 0.5545966719445268 0.49152990551910675 0.6605391741264399 0.9830598110382135
0 0.8500357814116289 0.5560746032347932 0.29992843717674206 0.7300462981244108
0 0.9127034171788488 0.31871201721364 0.05759663925930552 0.08351643217499927
0 0.8352557544101255 0.3065120532832043 0.09306904967805871 0.14856656814774138
0 0.7976942493449137 0.2575616495177356 0.1399311878512674 0.19289285158327593
0 0.43594112684465036 0.20306268942446187 0.1180167933489739 0.1816380938425571
0 0.4388381995450976 0.0956361541546041 0.05972070629547342 0.07408320012909628
0 0.2581927879282095 0.34542097765109003 0.2760266841253865 0.666124940319144
0 0.3364520418415861 0.13865576507801175 0.12328837545901991 0.2773115301560235
0 0.22433633361743383 0.09261696360769507 0.05376817386348616 0.11680597318988231
0 0.1501539649185092 0.15123938493098008 0.19519392573614602 0.2786309773426398