1 0.5658419553021801 0.5303343395071294 0.7214549422412977 0.5828915216202051
0 0.4221935065304413 0.5241310525515611 0.6593994893310916 0.9517378948968779
0 0.13672523172316237 0.6466346153846154 0.27345046344632473 0.7067307692307693
0 0.06287513947287299 0.412912238777234 0.05871349760802579 0.08000325501043179
0 0.140235666444361 0.3956878783813313 0.09229561826070064 0.14418335214898903
0 0.17669494604987876 0.34469337227759284 0.14070098372600112 0.18290119825939696
0 0.5401145847373356 0.26445303185825997 0.11870206320242264 0.17683343309778665
0 0.5349081439483712 0.15791375656719048 0.0579848873300995 0.07038787039504718
0 0.7185980325479977 0.3943640478742665 0.27441412194363746 0.6525838378417751
0 0.6385826201685638 0.19171834351113104 0.12136262624347492 0.2751111092157195
0 0.7511273587591986 0.1403264000884129 0.05164824896538315 0.1130970687847589
0 0.825609307369567 0.19295358624892842 0.1947889415958162 0.2650282832339154