1 0.6077717036551719 0.4714603515275998 0.6963372411006958 0.5649269318134578
0 0.4699841046858708 0.5111326261270529 0.6121500514125814 0.9720282842116693
0 0.16881972316747837 0.664256035215888 0.32986342983398187 0.671487929568224
0 0.09066506775447267 0.45644313748809684 0.05377969642069881 0.07784618131831914
0 0.1624308113401372 0.42513628184423496 0.08575694976251663 0.14089165209732604
0 0.1882018082553823 0.3669824219543062 0.13187756720363528 0.18015041708202822
0 0.5266817477231455 0.21801633616742444 0.11015903797188696 0.17256124500425424
0 0.5002246123243348 0.11388960102739147 0.05607165744503462 0.06827275599362742
0 0.7285217528644037 0.316828513988088 0.24544910162559036 0.633657027976176
0 0.6085795025828662 0.13158246097842047 0.10890201439552281 0.26316492195684094
0 0.7075139651373423 0.05593032936048329 0.046987727194824365 0.11186065872096658
0 0.7910200687337755 0.1104814616657316 0.18300167592908942 0.2209629233314632