1 0.2464213040358121 0.42327890318749084 0.08392348166706534 0.12332668288957006
1 0.6993374134687229 0.5694400259124539 0.07657193511064701 0.12062898906098049
0 0.09014423076923077 0.4868461728573687 0.18028846153846154 0.9736923457147374
0 0.2067234012612459 0.4843096648137741 0.29540779667236416 0.9545064609529833
0 0.4121715106724375 0.5857915719212767 0.30621437166945714 0.8284168561574466
0 0.6061830086595771 0.6018756955244571 0.29519890610527494 0.796248608951086
0 0.688299360938881 0.6598577607480659 0.19500853374080543 0.6802844785038682
0 0.8471039478828215 0.5562923875394102 0.2962715537825329 0.8874152249211794
0 0.7509360043080695 0.3040823412092475 0.13885855824263624 0.4900825874229877
0 0.36756995985138813 0.37038610751599105 0.19755238798953145 0.7155013150040546
1 0.350836749362795 0.40946187370496595 0.08915119825939687 0.13073411980093738
1 0.748112133869584 0.3111959304458715 0.03601027522591211 0.08300410915465707