1 0.2152096136441604 0.47230484378573745 0.09245654288418784 0.12449845861559848
1 0.6905854462403855 0.503843638938569 0.08503469513532735 0.12192676204091878
0 0.10172813231346159 0.5324519230769231 0.20345626462692318 0.9350961538461539
0 0.18920372522243692 0.5311111295883547 0.37069246980441417 0.9377777408232906
0 0.4128371508730781 0.58779934957281 0.3708439364903118 0.8244013008543801
0 0.6103279320664541 0.5787030111635686 0.364473635178061 0.8425939776728628
0 0.7044239073437334 0.6209896788028852 0.2560314063662379 0.732841395837607
0 0.8273491457256419 0.49618751417195583 0.34530170854871617 0.958021642213355
0 0.6890500784453709 0.24607259907425272 0.17478445849387367 0.462267823240171
0 0.3251545188135335 0.3857404170552353 0.2582249432327621 0.7304934998240387
1 0.31624579540306347 0.4325035167746798 0.09789516305384592 0.13182189735769242
1 0.6880584646557697 0.2436407778502677 0.04341851736395997 0.08497386748878209