1 0.26741018241106407 0.3751595726779673 0.09017559006827601 0.13054563659596236
1 0.7096993772465026 0.5123725015475462 0.08282416204789857 0.12527580790527318
0 0.11298076923076923 0.4639423076923077 0.22596153846153846 0.9278846153846154
0 0.22334944850530036 0.4590737341624782 0.34657033375863006 0.9181474683249564
0 0.4219501484059506 0.5476078572138445 0.35161358405816373 0.8695078750035503
0 0.6124963594013637 0.5545920122951966 0.34087908297206704 0.830430154698016
0 0.6924435367569355 0.6106525435443092 0.23635036076013347 0.701364091489906
0 0.8395420419439046 0.5028521235766795 0.31420121728791794 0.9031008399352594
0 0.777419512049383 0.2470715139066351 0.16557115313504875 0.4941430278132702
0 0.3924322929739824 0.34156476534060215 0.2391738755904967 0.6831295306812043
1 0.3722572692210498 0.3588432105091281 0.09519311671422688 0.13806526597949884
1 0.7736039084803552 0.2539447409063784 0.0409096057412213 0.08659934276059864