1 0.5759043603162598 0.4150036940844758 0.7839820656047529 0.5645434372112591
0 0.4140950001304893 0.4997762373149633 0.6743438464148247 0.9995524746299266
0 0.05834481515651143 0.2593286886751813 0.11417130559006029 0.44768877649579125
0 0.13136831829780682 0.25048867951836845 0.16149273125009456 0.4263338644674718
0 0.17727413094852734 0.11918537560964236 0.1100809172099515 0.19290905452372856
0 0.24378435376061486 0.0959572524492896 0.08478329331000865 0.1567115105378883
0 0.5819063166232543 0.2101399447569819 0.20227417170804715 0.4202798895139638
0 0.6346726238999428 0.03428856857912055 0.05299909395373184 0.0685771371582411
0 0.7479395895535033 0.21448612652678592 0.21703302526085258 0.42897225305357184
0 0.8291628643008693 0.09375378716330972 0.06896370012227056 0.18545976820933857
0 0.861286669825685 0.29072232751663896 0.19533734105286818 0.2943460886909701
0 0.9040445765727024 0.0720088931464748 0.08212761468386631 0.1440177862929496
1 0.8656784199356278 0.006015005258223938 0.08231837833279397 0.012030010516447876
1 0.868139505374032 0.03942950084891971 0.07197803071220495 0.06530941602047526