1 0.42293845072413333 0.3849362177942165 0.8162278500957731 0.651288447878537
0 0.5764717411107411 0.4910910552091201 0.7364795947015949 0.9821821104182402
0 0.9374537831660861 0.2232901989437303 0.11949438696737748 0.4465803978874606
0 0.8780293949239861 0.21459081080883682 0.18831023795684404 0.42918162161767365
0 0.8397160924483279 0.09073807556560706 0.1197577196656622 0.18147615113121413
0 0.7748978739586624 0.06919162516744479 0.09392788318305634 0.13838325033488957
0 0.43125320703797626 0.1997719306825824 0.22883973977020133 0.3995438613651648
0 0.3867096812370322 0.019844925731338267 0.05831140675670481 0.039689851462676534
0 0.2653878224225916 0.2058232894084631 0.24326281669327832 0.4116465788169262
0 0.19188286791413714 0.08090733605743365 0.07777272571018726 0.1618146721148673
0 0.14692428135272842 0.2664660264561456 0.2135143475203572 0.3144325129598831
0 0.11957320862791053 0.0621303067378175 0.09258435197494816 0.124260613475635
1 0.15485048832488735 0.02584574447454865 0.07491440796560991 0.0516914889490973