1 0.5733173076923077 0.41574243000528804 0.7572115384615384 0.5681050634182699
0 0.39783653846153844 0.4989928974749999 0.6225961538461539 0.9979857949499998
0 0.07211538461538461 0.20667481909049146 0.1346153846153846 0.4133496381809829
0 0.1658653846153846 0.2020059971944444 0.13942307692307693 0.4040119943888888
0 0.23677884615384615 0.08315448299070506 0.0985576923076923 0.16630896598141012
0 0.30528846153846156 0.0654043825991986 0.07692307692307693 0.1308087651983972
0 0.6189903846153846 0.21259548456944424 0.18028846153846154 0.4251909691388885
0 0.7067307692307693 0.04133392623440142 0.04807692307692308 0.08266785246880284
0 0.7836538461538461 0.22877797609412365 0.19230769230769232 0.4575559521882473
0 0.8846153846153846 0.13445842530085395 0.057692307692307696 0.18643895721282056
0 0.8786057692307693 0.3329156083438561 0.18028846153846154 0.29506164513621813
0 0.9627403846153846 0.10980350728028765 0.07451923076923077 0.17000368511784195
1 0.9423076923076923 0.03215408347264878 0.07932692307692307 0.05473097001378212
1 0.9338942307692307 0.0852345243482364 0.0673076923076923 0.06406660392777783