1 0.2946009316980335 0.13523586085368614 0.3224466658203153 0.2018731564170943
1 0.632286102779263 0.1107008826260689 0.389572205558526 0.20103591419102593
1 0.30625727673657777 0.20989496697361135 0.32466835940467986 0.19952526040352586
1 0.647366064479095 0.18304006780256465 0.38902574785008126 0.19382437572948746
1 0.3266003121678059 0.288355667815278 0.32357544398779037 0.18510218348044902
1 0.6830429396808078 0.2738557002551288 0.35442527609824165 0.21221589285609005
1 0.35940002841667584 0.3887027596728101 0.3361052697148802 0.22378752250309858
1 0.6928239648986577 0.37126741962617577 0.3449920440523386 0.21439593844882504
1 0.38888513566429184 0.47697467062083365 0.3775171120387097 0.23195021334935922
1 0.7221089882014993 0.47273250935021427 0.351074804346402 0.2313347618063036
1 0.4080455988021663 0.618997419188729 0.3872787864729901 0.2657719099240388
1 0.7305790826823925 0.5845113555040604 0.3638226453935589 0.24122989712307713
1 0.4275882984542968 0.7502308351344554 0.35621093904247164 0.26744840425427385
1 0.753436391335777 0.7278199523592955 0.33348340824096684 0.2525217760686968
1 0.4581125269929237 0.8929469308215279 0.3987874222843619 0.21410613835694428
1 0.7657496211510763 0.8728389666375804 0.3458669441491607 0.25432206672483915