1 0.6218520940962968 0.0738795832222876 0.3040369582546011 0.1477591664445752
1 0.2803227847294366 0.11321673306443981 0.3715964830345897 0.19916584580634009
1 0.6313110280638489 0.1263593933184 0.30395301409716896 0.18563023453432195
1 0.28725195630699446 0.18957977760799768 0.37316088761411503 0.17526739236275832
1 0.6321466400993594 0.20547630425300342 0.3058531953064228 0.17134716570612477
1 0.2755227005499655 0.28502172901699996 0.33553879072689735 0.19706572438314354
1 0.6261331951759335 0.30898169696326777 0.31440784028687463 0.2102287284523026
1 0.29263959863909045 0.378783583287445 0.3236874482725308 0.20117337621643705
1 0.6205814431183841 0.39926593582737835 0.35776101521353737 0.21515272031398452
1 0.29023192294643385 0.48207896385538973 0.3289988055248157 0.21587646932927357
1 0.6397091714470686 0.5384908548785806 0.3613400795714327 0.24894657456271055
1 0.31165284839865853 0.5899838788591522 0.3413538129237747 0.22619189441905702
1 0.6544069561765051 0.6671784824272348 0.327938065889883 0.25419799969593215
1 0.3271328354178578 0.7306207331295973 0.30828757587195316 0.24105870416766323
1 0.6688376412278033 0.8378634136207567 0.3760149889668061 0.2569981615935274
1 0.35355604636551285 0.867021781742314 0.32022286248375187 0.2393548984882159