1 0.6853937879359766 0.14749424381428408 0.3040369582546011 0.18629462651706036
1 0.34255190646188743 0.12112859826660771 0.3715964830345898 0.19703361166111122
1 0.6891979798932943 0.22207646470284542 0.3039530140971692 0.1838907803632142
1 0.34287624542458406 0.19912761802794657 0.373160887614115 0.17312113036131083
1 0.6847565986270148 0.301025447063785 0.30585319530642274 0.16959368367879846
1 0.325675403178027 0.2906048629224036 0.3355387907268975 0.1951439080811938
1 0.6714553301622392 0.4011051238546954 0.31440784028687463 0.2084331628563204
1 0.3350427848599259 0.3870736596729027 0.32368744827253093 0.1993216991955803
1 0.6589362639872264 0.4892285599957056 0.35776101521353737 0.21310465330606737
1 0.3254312297833517 0.489746152975651 0.3289988055248156 0.21399673659597968
1 0.6687386336621278 0.6325093666268741 0.3613400795714327 0.24688447969857455
1 0.34015194079625144 0.6020919102034723 0.34135381292377487 0.22424202240466998
1 0.6745155133190995 0.76358197213082 0.327938065889883 0.252332294818857
1 0.34514661816346054 0.7451207563573186 0.30828757587195316 0.23930522214033692
1 0.6765759747149962 0.9039210259883942 0.37534343570734935 0.19215794802321157
1 0.3622444704573325 0.885006932557286 0.3203907507986162 0.22998613488542793