1 0.4921875 0.73984375 0.69375 0.5203125
2 0.15859375 0.52421875 0.21875 0.19375
2 0.16640625 0.62578125 0.1953125 0.2546875
2 0.31875 0.83984375 0.340625 0.2515625
2 0.309375 0.2640625 0.1078125 0.175
2 0.39453125 0.3359375 0.0609375 0.065625
2 0.4578125 0.31796875 0.0734375 0.103125
1 0.5734375 0.4265625 0.4328125 0.4796875
1 0.73046875 0.53671875 0.4265625 0.5234375
0 0.11484375 0.3921875 0.05625 0.0578125
0 0.1984375 0.48515625 0.0515625 0.0640625
0 0.24765625 0.4765625 0.05 0.05625
0 0.38046875 0.2875 0.04375 0.053125
0 0.41953125 0.35078125 0.046875 0.053125