1 0.52421875 0.7546875 0.6578125 0.490625
2 0.1640625 0.565625 0.2046875 0.1765625
2 0.184375 0.665625 0.171875 0.24375
2 0.3609375 0.859375 0.3265625 0.21875
2 0.28203125 0.28984375 0.0890625 0.1703125
2 0.375 0.35 0.05625 0.0609375
2 0.4359375 0.32421875 0.0640625 0.1
1 0.56328125 0.41796875 0.3921875 0.45
1 0.7328125 0.50859375 0.3796875 0.496875
0 0.1046875 0.43984375 0.0515625 0.0546875
0 0.1984375 0.52265625 0.0453125 0.0609375
0 0.24609375 0.5078125 0.0453125 0.053125
0 0.35546875 0.30390625 0.0390625 0.05
0 0.4015625 0.36171875 0.0421875 0.05