1 0.590625 0.74453125 0.6515625 0.490625
2 0.19296875 0.65 0.2015625 0.1734375
2 0.2375 0.74140625 0.16875 0.2421875
2 0.45859375 0.8828125 0.325 0.2140625
2 0.23515625 0.353125 0.0859375 0.1703125
2 0.340625 0.3875 0.0546875 0.0609375
2 0.39296875 0.346875 0.0625 0.1
1 0.53984375 0.4046875 0.3859375 0.4453125
1 0.72734375 0.44765625 0.3734375 0.4921875
0 0.10234375 0.54375 0.0515625 0.053125
0 0.21484375 0.59921875 0.0453125 0.059375
0 0.25703125 0.5734375 0.04375 0.053125
0 0.309375 0.34765625 0.0390625 0.0484375
0 0.36953125 0.39140625 0.040625 0.05