1 0.0953125 0.496875 0.125 0.99375
1 0.2015625 0.49765625 0.128125 0.9953125
1 0.36484375 0.49921875 0.2265625 0.9984375
0 0.3828125 0.1296875 0.046875 0.125
0 0.44296875 0.1171875 0.046875 0.1296875
3 0.528125 0.19453125 0.0984375 0.2296875
3 0.6390625 0.1875 0.109375 0.21875
3 0.7515625 0.1859375 0.1046875 0.234375
3 0.85703125 0.15625 0.1109375 0.2734375
3 0.953125 0.165625 0.0859375 0.20625
3 0.52734375 0.64765625 0.1140625 0.353125
3 0.6453125 0.65 0.11875 0.321875
3 0.7546875 0.634375 0.140625 0.31875
3 0.87265625 0.615625 0.1515625 0.384375
3 0.9515625 0.60390625 0.075 0.2703125