1 0.0953125 0.490625 0.159375 0.98125
1 0.2015625 0.49296875 0.1625 0.9859375
1 0.36484375 0.4984375 0.2609375 0.996875
0 0.39609375 0.12578125 0.0515625 0.1265625
0 0.45625 0.11484375 0.0515625 0.13125
3 0.53828125 0.1953125 0.10625 0.2328125
3 0.65 0.19296875 0.1171875 0.221875
3 0.7625 0.19453125 0.1125 0.2375
3 0.86875 0.16875 0.1203125 0.2765625
3 0.95859375 0.18125 0.0828125 0.209375
3 0.521875 0.6484375 0.1265625 0.35625
3 0.63984375 0.65546875 0.1296875 0.325
3 0.75 0.64296875 0.1515625 0.3234375
3 0.86875 0.62890625 0.1640625 0.3890625
3 0.94765625 0.61953125 0.0828125 0.2734375