1 0.0953125 0.509375 0.159375 0.98125
1 0.2015625 0.50625 0.1625 0.9875
1 0.36484375 0.5015625 0.2609375 0.996875
0 0.3578125 0.1390625 0.0515625 0.1265625
0 0.41640625 0.121875 0.0515625 0.13125
3 0.50625 0.19296875 0.10625 0.2328125
3 0.6171875 0.17890625 0.1171875 0.221875
3 0.72890625 0.16875 0.1125 0.2375
3 0.83203125 0.13515625 0.1203125 0.2703125
3 0.928125 0.13515625 0.0921875 0.209375
3 0.5375 0.6453125 0.1265625 0.35625
3 0.65546875 0.63984375 0.1296875 0.325
3 0.76328125 0.61640625 0.1515625 0.3234375
3 0.88046875 0.58984375 0.1640625 0.3890625
3 0.9578125 0.571875 0.0828125 0.2734375