1 0.12578125 0.46171875 0.2515625 0.9234375
1 0.20625 0.471875 0.3 0.94375
1 0.36796875 0.4921875 0.3953125 0.984375
0 0.44921875 0.115625 0.06875 0.13125
0 0.51015625 0.1125 0.06875 0.1359375
3 0.58046875 0.20390625 0.1359375 0.2421875
3 0.69140625 0.21640625 0.1453125 0.2328125
3 0.80234375 0.234375 0.14375 0.2484375
3 0.9109375 0.2234375 0.1546875 0.2875
3 0.971875 0.24921875 0.05625 0.2171875
3 0.50078125 0.65 0.1734375 0.365625
3 0.61640625 0.6734375 0.171875 0.3359375
3 0.72734375 0.6765625 0.1921875 0.3375
3 0.846875 0.67890625 0.2140625 0.403125
3 0.9265625 0.68046875 0.1203125 0.278125