1 0.1015625 0.51953125 0.203125 0.9609375
1 0.203125 0.5140625 0.215625 0.971875
1 0.365625 0.503125 0.3125 0.99375
0 0.3390625 0.146875 0.0578125 0.1296875
0 0.39609375 0.1265625 0.059375 0.134375
3 0.490625 0.19296875 0.1171875 0.2359375
3 0.6 0.17265625 0.128125 0.2265625
3 0.71171875 0.15703125 0.125 0.2421875
3 0.81171875 0.128125 0.1328125 0.25625
3 0.90859375 0.11328125 0.103125 0.2125
3 0.54453125 0.64296875 0.14375 0.359375
3 0.6625 0.63125 0.1453125 0.3296875
3 0.76953125 0.60234375 0.1671875 0.3296875
3 0.884375 0.56953125 0.184375 0.3953125
3 0.95625 0.5484375 0.0875 0.275