1 0.09609375 0.5125 0.1765625 0.975
1 0.20234375 0.509375 0.1796875 0.98125
1 0.365625 0.50234375 0.278125 0.9953125
0 0.3515625 0.14140625 0.0546875 0.128125
0 0.409375 0.1234375 0.0546875 0.1328125
3 0.5015625 0.19296875 0.109375 0.234375
3 0.6109375 0.1765625 0.1203125 0.2234375
3 0.7234375 0.16484375 0.1171875 0.2390625
3 0.82578125 0.1328125 0.1234375 0.265625
3 0.921875 0.12734375 0.096875 0.209375
3 0.53984375 0.64453125 0.13125 0.3578125
3 0.6578125 0.63671875 0.1359375 0.3265625
3 0.765625 0.61171875 0.15625 0.3265625
3 0.88203125 0.5828125 0.1703125 0.390625
3 0.95703125 0.56328125 0.0859375 0.2734375