1 0.4734375 0.20859375 0.775 0.265625
1 0.44921875 0.36640625 0.846875 0.2640625
1 0.50703125 0.51796875 0.7234375 0.3046875
2 0.93671875 0.6125 0.0890625 0.2140625
3 0.8375 0.76640625 0.215625 0.1625
3 0.6140625 0.7296875 0.215625 0.1609375
3 0.4015625 0.70078125 0.2 0.15625
3 0.18046875 0.6578125 0.1625 0.1375
2 0.0453125 0.52578125 0.090625 0.2328125
2 0.01171875 0.71015625 0.0234375 0.1515625
2 0.103125 0.77578125 0.190625 0.08125
2 0.85625 0.89921875 0.1890625 0.0875
2 0.759375 0.6265625 0.1578125 0.1203125
2 0.4765625 0.8453125 0.5703125 0.16875