1 0.38359375 0.2328125 0.7671875 0.303125
1 0.415625 0.390625 0.83125 0.30625
1 0.5125 0.51484375 0.728125 0.3390625
2 0.95 0.4640625 0.0984375 0.2140625
3 0.896875 0.6421875 0.20625 0.171875
3 0.6828125 0.68046875 0.221875 0.1703125
3 0.47265625 0.721875 0.2046875 0.1640625
3 0.24921875 0.753125 0.1671875 0.14375
2 0.07421875 0.6734375 0.1109375 0.234375
2 0.08671875 0.86484375 0.071875 0.153125
2 0.2140625 0.88984375 0.1921875 0.0890625
2 0.9359375 0.7609375 0.128125 0.096875
2 0.7859375 0.53515625 0.1609375 0.1265625
2 0.590625 0.834375 0.5703125 0.196875