1 0.44296875 0.2125 0.7640625 0.1875
1 0.4359375 0.37265625 0.8390625 0.178125
1 0.50859375 0.5171875 0.7078125 0.234375
2 0.94609375 0.56640625 0.0671875 0.209375
3 0.86328125 0.7296875 0.203125 0.14375
3 0.6375 0.71640625 0.203125 0.140625
3 0.4234375 0.71015625 0.1875 0.1390625
3 0.1984375 0.690625 0.1515625 0.1234375
2 0.04609375 0.5734375 0.078125 0.228125
2 0.0203125 0.76328125 0.040625 0.1484375
2 0.134375 0.815625 0.1875 0.0625
2 0.89609375 0.86015625 0.184375 0.06875
2 0.77109375 0.5984375 0.1484375 0.10625
2 0.51328125 0.84609375 0.565625 0.1109375