1 0.50390625 0.20703125 0.775 0.340625
1 0.46328125 0.36171875 0.8453125 0.346875
1 0.5046875 0.51875 0.73125 0.3734375
2 0.92265625 0.6578125 0.1078125 0.215625
3 0.8078125 0.80078125 0.2265625 0.18125
3 0.58984375 0.740625 0.2265625 0.178125
3 0.38125 0.6890625 0.209375 0.171875
3 0.165625 0.6234375 0.1703125 0.15
2 0.05078125 0.47734375 0.1015625 0.2359375
2 0.08671875 0.73203125 0.1734375 0.0984375
2 0.8125 0.934375 0.1921875 0.1046875
2 0.74453125 0.653125 0.1640625 0.1328125
2 0.440625 0.84140625 0.5671875 0.225