1 0.46328125 0.209375 0.771875 0.2390625
1 0.44453125 0.36875 0.8453125 0.2359375
1 0.5078125 0.51796875 0.7203125 0.28125
2 0.940625 0.59765625 0.08125 0.2125
3 0.84609375 0.7546875 0.2125 0.15625
3 0.62265625 0.72578125 0.2125 0.1546875
3 0.40859375 0.70390625 0.1953125 0.15
3 0.1859375 0.66875 0.1578125 0.1328125
2 0.04375 0.540625 0.0875 0.23125
2 0.0140625 0.72734375 0.028125 0.1515625
2 0.11328125 0.7890625 0.190625 0.075
2 0.8703125 0.88671875 0.1890625 0.08125
2 0.76328125 0.6171875 0.1546875 0.115625
2 0.4890625 0.84609375 0.56875 0.15