1 0.37421875 0.24140625 0.7484375 0.3515625
1 0.41171875 0.396875 0.8234375 0.359375
1 0.51328125 0.5140625 0.73125 0.384375
2 0.9453125 0.4328125 0.109375 0.215625
3 0.9 0.6140625 0.2 0.184375
3 0.6953125 0.6671875 0.2265625 0.18125
3 0.4875 0.7234375 0.2109375 0.175
3 0.2671875 0.7703125 0.171875 0.1515625
2 0.0875 0.70234375 0.125 0.2359375
2 0.11328125 0.89296875 0.08125 0.153125
2 0.2421875 0.90859375 0.19375 0.1015625
2 0.94375 0.72890625 0.1125 0.1078125
2 0.78828125 0.51484375 0.165625 0.134375
2 0.61328125 0.82734375 0.5671875 0.234375