1 0.60625 0.16015625 0.2296875 0.1265625
3 0.91171875 0.13984375 0.090625 0.0890625
3 0.8765625 0.2171875 0.09375 0.0984375
3 0.80390625 0.17890625 0.078125 0.16875
2 0.54453125 0.6671875 0.1359375 0.0625
0 0.51015625 0.440625 0.0484375 0.1203125
0 0.6109375 0.45546875 0.0546875 0.121875
0 0.66171875 0.46015625 0.0453125 0.1203125
0 0.8796875 0.46328125 0.034375 0.16875
0 0.92109375 0.4765625 0.053125 0.2
2 0.5546875 0.77265625 0.140625 0.0640625
1 0.36953125 0.2796875 0.2390625 0.184375
0 0.36171875 0.3828125 0.03125 0.0578125
0 0.29140625 0.3921875 0.0265625 0.0625
0 0.23828125 0.371875 0.0234375 0.0515625
0 0.2984375 0.2203125 0.0359375 0.08125
3 0.19453125 0.42421875 0.065625 0.121875