1 0.53984375 0.14609375 0.23125 0.1296875
3 0.8359375 0.06796875 0.0921875 0.090625
3 0.815625 0.15 0.0953125 0.1
3 0.7375 0.12734375 0.08125 0.16875
2 0.575 0.65546875 0.1359375 0.0640625
0 0.4984375 0.43984375 0.05 0.121875
0 0.60078125 0.43515625 0.0578125 0.121875
0 0.6515625 0.4296875 0.0484375 0.1203125
0 0.865625 0.39140625 0.0375 0.16875
0 0.90859375 0.396875 0.05625 0.2
2 0.60546875 0.7578125 0.1421875 0.0671875
1 0.3296875 0.30859375 0.2421875 0.1890625
0 0.3421875 0.4109375 0.0328125 0.0578125
0 0.275 0.434375 0.028125 0.0625
0 0.21875 0.42421875 0.025 0.053125
0 0.24921875 0.2640625 0.0375 0.0828125
3 0.1859375 0.48359375 0.0671875 0.1234375