1 0.646875 0.17578125 0.2390625 0.1515625
3 0.95078125 0.19296875 0.0984375 0.0984375
3 0.90859375 0.26484375 0.103125 0.1078125
3 0.840625 0.21875 0.096875 0.1734375
2 0.5234375 0.67109375 0.1390625 0.0765625
0 0.5171875 0.4421875 0.0625 0.1234375
0 0.615625 0.46953125 0.06875 0.125
0 0.665625 0.48046875 0.059375 0.1234375
0 0.88125 0.51015625 0.0546875 0.16875
0 0.9203125 0.528125 0.0765625 0.2
2 0.52109375 0.77734375 0.1453125 0.0796875
1 0.396875 0.265625 0.2546875 0.209375
0 0.37734375 0.3671875 0.0375 0.059375
0 0.30625 0.36796875 0.034375 0.0640625
0 0.25546875 0.34140625 0.0296875 0.053125
0 0.334375 0.19765625 0.0453125 0.084375
3 0.20625 0.3875 0.078125 0.1265625