1 0.6296875 0.16875 0.2359375 0.140625
3 0.9359375 0.16953125 0.096875 0.09375
3 0.89609375 0.24375 0.1 0.103125
3 0.82578125 0.2015625 0.0890625 0.171875
2 0.5328125 0.66953125 0.1390625 0.0703125
0 0.5140625 0.44140625 0.05625 0.121875
0 0.6140625 0.46328125 0.0625 0.1234375
0 0.6640625 0.47109375 0.0546875 0.121875
0 0.88125 0.48984375 0.0453125 0.16875
0 0.92109375 0.50546875 0.065625 0.2
2 0.53515625 0.77578125 0.14375 0.0734375
1 0.38515625 0.27109375 0.2484375 0.1984375
0 0.3703125 0.3734375 0.034375 0.059375
0 0.29921875 0.378125 0.03125 0.0625
0 0.24765625 0.35390625 0.0265625 0.053125
0 0.31875 0.20703125 0.040625 0.0828125
3 0.20078125 0.403125 0.0734375 0.125