1 0.55859375 0.1484375 0.2265625 0.11875
3 0.8578125 0.0859375 0.0890625 0.0859375
3 0.83359375 0.1671875 0.090625 0.0953125
3 0.75625 0.13984375 0.0734375 0.1671875
2 0.5671875 0.659375 0.134375 0.0578125
0 0.5015625 0.43984375 0.04375 0.1203125
0 0.60390625 0.440625 0.0515625 0.1203125
0 0.6546875 0.43828125 0.0421875 0.1203125
0 0.87109375 0.4109375 0.028125 0.16875
0 0.91328125 0.41796875 0.046875 0.1984375
2 0.5921875 0.7625 0.1390625 0.0609375
1 0.33984375 0.3 0.234375 0.1765625
0 0.346875 0.403125 0.0296875 0.05625
0 0.278125 0.42265625 0.025 0.0609375
0 0.22265625 0.409375 0.021875 0.0515625
0 0.26171875 0.2515625 0.0328125 0.08125
3 0.18671875 0.4671875 0.0609375 0.1203125