1 0.50859375 0.14375 0.2375 0.1484375
3 0.79609375 0.04453125 0.0984375 0.0890625
3 0.784375 0.12421875 0.103125 0.10625
3 0.70390625 0.1078125 0.0953125 0.171875
2 0.58828125 0.6484375 0.1390625 0.075
0 0.49296875 0.43984375 0.059375 0.1234375
0 0.59453125 0.4265625 0.0671875 0.125
0 0.64453125 0.4171875 0.0578125 0.1234375
0 0.8546875 0.36015625 0.0515625 0.16875
0 0.89765625 0.36171875 0.0734375 0.2
2 0.62734375 0.74765625 0.14375 0.078125
1 0.3140625 0.32421875 0.253125 0.20625
0 0.33515625 0.42578125 0.0359375 0.059375
0 0.26953125 0.45390625 0.0328125 0.0625
0 0.21328125 0.44921875 0.028125 0.053125
0 0.2296875 0.28671875 0.04375 0.084375
3 0.18515625 0.5109375 0.0765625 0.1265625