1 0.8875 0.41328125 0.225 0.6078125
1 0.85 0.59453125 0.271875 0.60625
1 0.65078125 0.50234375 0.2484375 0.40625
1 0.6953125 0.24609375 0.2234375 0.465625
1 0.55 0.2359375 0.2140625 0.4703125
1 0.4875 0.66640625 0.3 0.6671875
3 0.346875 0.58671875 0.1640625 0.1234375
3 0.30546875 0.53125 0.1796875 0.134375
3 0.39140625 0.44296875 0.175 0.1078125
3 0.3515625 0.37265625 0.171875 0.1109375
2 0.365625 0.3 0.146875 0.0484375
2 0.3734375 0.26640625 0.140625 0.053125
2 0.815625 0.2328125 0.05 0.1234375
2 0.72890625 0.2171875 0.0546875 0.1328125
2 0.7703125 0.25234375 0.0640625 0.1625
2 0.715625 0.1078125 0.046875 0.125
2 0.75546875 0.10390625 0.0375 0.103125
2 0.78828125 0.1109375 0.0328125 0.1
2 0.815625 0.11796875 0.0453125 0.1140625