1 0.85 0.3 0.3 0.6
1 0.8484375 0.48203125 0.303125 0.6171875
1 0.64375 0.45546875 0.2859375 0.421875
1 0.60703125 0.21796875 0.2671875 0.4359375
1 0.465625 0.23671875 0.259375 0.4734375
1 0.54140625 0.6609375 0.3640625 0.678125
3 0.38125 0.6296875 0.1734375 0.1375
3 0.325 0.58984375 0.1890625 0.15
3 0.37890625 0.4796875 0.18125 0.1234375
3 0.31953125 0.425 0.1796875 0.125
2 0.31015625 0.35078125 0.1484375 0.0625
2 0.3078125 0.3171875 0.1421875 0.065625
2 0.71796875 0.1484375 0.0625 0.125
2 0.63046875 0.16015625 0.0671875 0.1359375
2 0.68046875 0.18125 0.0796875 0.165625
2 0.58359375 0.06171875 0.0578125 0.1234375
2 0.6203125 0.0484375 0.046875 0.096875
2 0.65390625 0.0453125 0.0421875 0.090625
2 0.68125 0.0484375 0.05625 0.096875