1 0.8734375 0.47109375 0.253125 0.6203125
1 0.8296875 0.64296875 0.340625 0.6203125
1 0.6484375 0.5234375 0.296875 0.4265625
1 0.72890625 0.27578125 0.28125 0.4796875
1 0.5859375 0.2453125 0.2734375 0.48125
1 0.4640625 0.66015625 0.384375 0.6796875
3 0.33671875 0.56484375 0.175 0.1421875
3 0.303125 0.50390625 0.1921875 0.1546875
3 0.4 0.428125 0.1828125 0.128125
3 0.3703125 0.353125 0.18125 0.1296875
2 0.39453125 0.2828125 0.1484375 0.0671875
2 0.40703125 0.2515625 0.1421875 0.0703125
2 0.85 0.2796875 0.065625 0.1265625
2 0.76640625 0.2515625 0.0703125 0.1359375
2 0.80234375 0.29296875 0.0859375 0.165625
2 0.76796875 0.14140625 0.0625 0.1265625
2 0.8078125 0.14375 0.05 0.1046875
2 0.83984375 0.1546875 0.0453125 0.1015625
2 0.86640625 0.165625 0.059375 0.115625