1 0.8703125 0.3234375 0.259375 0.609375
1 0.8609375 0.51328125 0.278125 0.6078125
1 0.646875 0.46875 0.2546875 0.409375
1 0.6328125 0.22109375 0.23125 0.4421875
1 0.4890625 0.23359375 0.221875 0.4671875
1 0.52734375 0.66484375 0.3109375 0.6703125
3 0.3703125 0.61875 0.165625 0.125
3 0.31796875 0.57421875 0.18125 0.1375
3 0.38125 0.46875 0.175 0.1109375
3 0.3265625 0.409375 0.1734375 0.1125
2 0.32421875 0.33515625 0.146875 0.0515625
2 0.32421875 0.30078125 0.140625 0.0546875
2 0.74765625 0.16875 0.053125 0.1234375
2 0.659375 0.17265625 0.05625 0.134375
2 0.7078125 0.1984375 0.0671875 0.1640625
2 0.621875 0.06953125 0.0484375 0.1265625
2 0.659375 0.05703125 0.0390625 0.103125
2 0.69375 0.05625 0.034375 0.1
2 0.721875 0.05625 0.046875 0.1125