1 0.8828125 0.43515625 0.234375 0.6140625
1 0.84453125 0.61328125 0.3015625 0.6125
1 0.65 0.51015625 0.2671875 0.4140625
1 0.70859375 0.25703125 0.246875 0.471875
1 0.56328125 0.2390625 0.2375 0.475
1 0.47890625 0.6640625 0.3328125 0.671875
3 0.34296875 0.57890625 0.16875 0.13125
3 0.3046875 0.52109375 0.184375 0.1421875
3 0.39453125 0.4375 0.178125 0.115625
3 0.35859375 0.365625 0.1765625 0.11875
2 0.3765625 0.29296875 0.1484375 0.05625
2 0.3859375 0.26015625 0.140625 0.059375
2 0.82890625 0.25 0.05625 0.125
2 0.74375 0.2296875 0.0609375 0.134375
2 0.7828125 0.2671875 0.071875 0.1640625
2 0.7359375 0.11953125 0.053125 0.1265625
2 0.77578125 0.11796875 0.0421875 0.103125
2 0.80859375 0.1265625 0.0375 0.1
2 0.83515625 0.134375 0.05 0.1140625