1 0.428125 0.1703125 0.734375 0.340625
1 0.8421875 0.4234375 0.315625 0.653125
1 0.61953125 0.45 0.3140625 0.50625
1 0.39453125 0.5046875 0.3015625 0.4875
1 0.1671875 0.553125 0.334375 0.69375
1 0.5890625 0.84921875 0.7125 0.3015625
3 0.228125 0.9421875 0.13125 0.115625
3 0.921875 0.828125 0.15625 0.140625
3 0.346875 0.7140625 0.1765625 0.21875
3 0.8015625 0.625 0.1515625 0.175
3 0.2203125 0.43203125 0.1515625 0.171875
3 0.22578125 0.33046875 0.1453125 0.128125
3 0.60234375 0.19609375 0.1875 0.15
3 0.67421875 0.38046875 0.121875 0.1453125
3 0.7328125 0.259375 0.1625 0.1359375
3 0.74921875 0.8703125 0.146875 0.1328125
2 0.484375 0.3578125 0.0703125 0.184375
2 0.37734375 0.94375 0.1421875 0.09375