1 0.434375 0.1671875 0.73125 0.334375
1 0.8453125 0.4296875 0.309375 0.65
1 0.6203125 0.4515625 0.30625 0.503125
1 0.39453125 0.503125 0.29375 0.4859375
1 0.1640625 0.546875 0.328125 0.690625
1 0.58203125 0.85234375 0.7109375 0.2953125
3 0.2203125 0.940625 0.128125 0.11875
3 0.91953125 0.8359375 0.159375 0.1390625
3 0.34296875 0.71171875 0.1734375 0.215625
3 0.79921875 0.63046875 0.15 0.1734375
3 0.22109375 0.42734375 0.15 0.1703125
3 0.22890625 0.32578125 0.14375 0.1265625
3 0.6078125 0.19765625 0.1859375 0.146875
3 0.67578125 0.38359375 0.11875 0.1453125
3 0.73671875 0.26328125 0.1609375 0.134375
3 0.74296875 0.87421875 0.1453125 0.13125
2 0.48671875 0.35703125 0.0671875 0.184375
2 0.36953125 0.9421875 0.1421875 0.090625