1 0.41640625 0.17734375 0.7359375 0.3546875
1 0.8359375 0.4109375 0.328125 0.65625
1 0.6171875 0.4453125 0.328125 0.5109375
1 0.39453125 0.50859375 0.315625 0.4921875
1 0.1734375 0.565625 0.346875 0.696875
1 0.60234375 0.8421875 0.7140625 0.315625
3 0.24375 0.946875 0.134375 0.10625
3 0.92734375 0.81328125 0.1453125 0.1453125
3 0.35390625 0.71953125 0.1828125 0.221875
3 0.80546875 0.61484375 0.15625 0.178125
3 0.21796875 0.44140625 0.15625 0.1765625
3 0.2203125 0.33984375 0.1484375 0.13125
3 0.59140625 0.1921875 0.190625 0.1546875
3 0.66953125 0.37421875 0.125 0.1484375
3 0.72421875 0.25078125 0.165625 0.140625
3 0.7625 0.8609375 0.1484375 0.1375
2 0.47890625 0.3578125 0.075 0.184375
2 0.39296875 0.9484375 0.14375 0.096875