1 0.453125 0.15703125 0.725 0.3140625
1 0.8546875 0.4484375 0.290625 0.64375
1 0.62265625 0.45859375 0.284375 0.4953125
1 0.39453125 0.496875 0.271875 0.478125
1 0.1546875 0.52890625 0.309375 0.6828125
1 0.56328125 0.86328125 0.7046875 0.2734375
3 0.19609375 0.934375 0.1234375 0.13125
3 0.9015625 0.8578125 0.1546875 0.1328125
3 0.33203125 0.703125 0.1640625 0.2109375
3 0.7921875 0.64609375 0.1421875 0.16875
3 0.22578125 0.4125 0.1421875 0.165625
3 0.23828125 0.31171875 0.1390625 0.1203125
3 0.6234375 0.20390625 0.18125 0.140625
3 0.68203125 0.39296875 0.1140625 0.140625
3 0.7484375 0.27578125 0.15625 0.128125
3 0.72265625 0.88671875 0.140625 0.125
2 0.49453125 0.35703125 0.0578125 0.1828125
2 0.34609375 0.934375 0.1390625 0.084375