1 0.47109375 0.153125 0.715625 0.284375
1 0.8625 0.46796875 0.2703125 0.634375
1 0.62421875 0.46484375 0.2609375 0.4859375
1 0.39453125 0.49140625 0.25 0.46875
1 0.146875 0.5109375 0.290625 0.6734375
1 0.54375 0.87265625 0.696875 0.2546875
3 0.17421875 0.92265625 0.1171875 0.1375
3 0.88203125 0.878125 0.15 0.125
3 0.321875 0.69453125 0.1546875 0.2046875
3 0.78359375 0.6609375 0.1359375 0.1625
3 0.23046875 0.3984375 0.1359375 0.159375
3 0.2484375 0.2984375 0.134375 0.1140625
3 0.6390625 0.2109375 0.1765625 0.13125
3 0.6875 0.40234375 0.1078125 0.1359375
3 0.76015625 0.2890625 0.1515625 0.1203125
3 0.70234375 0.89765625 0.134375 0.1203125
2 0.5015625 0.35625 0.0484375 0.1828125
2 0.3234375 0.92578125 0.1359375 0.078125