1 0.4078125 0.0984375 0.65625 0.196875
1 0.7265625 0.2546875 0.546875 0.240625
1 0.36796875 0.2859375 0.6171875 0.2328125
1 0.69765625 0.45078125 0.5578125 0.234375
1 0.33203125 0.48359375 0.6171875 0.2265625
1 0.6515625 0.64453125 0.5140625 0.2265625
1 0.271875 0.665625 0.54375 0.2375
1 0.721875 0.79921875 0.3609375 0.184375
2 0.88046875 0.35703125 0.196875 0.0859375
0 0.71875 0.8921875 0.0609375 0.08125
0 0.7734375 0.9015625 0.0609375 0.08125
0 0.7515625 0.94765625 0.065625 0.0765625
0 0.82421875 0.9703125 0.0703125 0.059375
0 0.86796875 0.94453125 0.0640625 0.1
0 0.84765625 0.89453125 0.0578125 0.0953125
0 0.90546875 0.9140625 0.0625 0.096875
1 0.3546875 0.86640625 0.384375 0.153125
2 0.28203125 0.91484375 0.2671875 0.128125