1 0.40078125 0.096875 0.6546875 0.19375
1 0.72421875 0.25078125 0.5515625 0.2328125
1 0.3640625 0.28828125 0.615625 0.221875
1 0.696875 0.44765625 0.55625 0.225
1 0.33203125 0.48671875 0.6171875 0.215625
1 0.65390625 0.6421875 0.5140625 0.21875
1 0.27265625 0.66875 0.5453125 0.228125
1 0.7265625 0.7953125 0.359375 0.1796875
2 0.878125 0.35 0.1953125 0.0828125
0 0.72578125 0.88828125 0.059375 0.08125
0 0.78046875 0.89609375 0.059375 0.08125
0 0.759375 0.94296875 0.065625 0.075
0 0.83203125 0.96796875 0.0703125 0.0640625
0 0.87578125 0.9375 0.0625 0.1
0 0.8546875 0.88828125 0.05625 0.0953125
0 0.9125 0.90703125 0.0625 0.0953125
1 0.3609375 0.86875 0.384375 0.146875
2 0.2890625 0.91796875 0.2671875 0.1234375