1 0.30625 0.11328125 0.6125 0.2265625
1 0.6515625 0.19765625 0.5578125 0.2140625
1 0.3109375 0.334375 0.6140625 0.2015625
1 0.67421875 0.3953125 0.5546875 0.20625
1 0.33515625 0.53359375 0.615625 0.1953125
1 0.68671875 0.59453125 0.5109375 0.2015625
1 0.32734375 0.72578125 0.546875 0.2109375
1 0.79921875 0.72109375 0.35625 0.16875
2 0.821875 0.2515625 0.1953125 0.0765625
0 0.82421875 0.8109375 0.0578125 0.0796875
0 0.87890625 0.80390625 0.0578125 0.0796875
0 0.871875 0.85390625 0.0625 0.0734375
0 0.95 0.86328125 0.0671875 0.0734375
0 0.97578125 0.81640625 0.0484375 0.0984375
0 0.94765625 0.77578125 0.053125 0.09375
0 0.9890625 0.7765625 0.021875 0.09375
1 0.46796875 0.89296875 0.3828125 0.134375
2 0.4125 0.95078125 0.265625 0.0984375