1 0.29921875 0.12265625 0.5984375 0.2453125
1 0.64140625 0.19296875 0.559375 0.2328125
1 0.30625 0.340625 0.6125 0.221875
1 0.6703125 0.3890625 0.55625 0.225
1 0.3359375 0.5390625 0.6171875 0.215625
1 0.690625 0.5875 0.5140625 0.21875
1 0.33515625 0.73203125 0.55 0.228125
1 0.80703125 0.7109375 0.359375 0.1796875
2 0.81328125 0.240625 0.1953125 0.0828125
0 0.834375 0.8 0.059375 0.08125
0 0.8890625 0.790625 0.059375 0.08125
0 0.88359375 0.84140625 0.065625 0.075
0 0.9625 0.84765625 0.0703125 0.075
0 0.98046875 0.8 0.0390625 0.1
0 0.95703125 0.76015625 0.05625 0.0953125
0 0.99296875 0.75859375 0.0140625 0.0953125
1 0.48203125 0.89375 0.384375 0.146875
2 0.42890625 0.95078125 0.2671875 0.0984375