1 0.39296875 0.0953125 0.6546875 0.190625
1 0.72265625 0.24765625 0.5546875 0.2234375
1 0.36015625 0.29140625 0.615625 0.2125
1 0.6953125 0.44375 0.5546875 0.215625
1 0.33203125 0.48984375 0.6171875 0.20625
1 0.65625 0.63984375 0.5125 0.209375
1 0.27421875 0.6734375 0.5484375 0.2203125
1 0.73203125 0.79140625 0.3578125 0.1734375
2 0.87578125 0.34375 0.1953125 0.0796875
0 0.73203125 0.884375 0.0578125 0.0796875
0 0.7875 0.89140625 0.0578125 0.0796875
0 0.7671875 0.93828125 0.0640625 0.075
0 0.840625 0.96484375 0.06875 0.0703125
0 0.88359375 0.93125 0.0609375 0.1
0 0.8609375 0.88203125 0.0546875 0.09375
0 0.91953125 0.9 0.0609375 0.0953125
1 0.3671875 0.87109375 0.384375 0.140625
2 0.29609375 0.921875 0.265625 0.11875