1 0.28359375 0.14609375 0.5671875 0.2921875
1 0.6140625 0.18203125 0.5625 0.2765625
1 0.3 0.3578125 0.6 0.271875
1 0.66015625 0.375 0.559375 0.26875
1 0.33984375 0.55390625 0.6171875 0.265625
1 0.696875 0.57109375 0.5171875 0.2578125
1 0.35546875 0.7453125 0.553125 0.271875
1 0.82109375 0.6828125 0.3578125 0.20625
2 0.78984375 0.2140625 0.196875 0.096875
0 0.859375 0.76953125 0.065625 0.084375
0 0.91328125 0.75546875 0.065625 0.084375
0 0.9125 0.80625 0.0703125 0.078125
0 0.9765625 0.80546875 0.046875 0.0796875
0 0.990625 0.75625 0.01875 0.103125
0 0.9734375 0.71875 0.053125 0.096875
1 0.51640625 0.89375 0.3859375 0.1765625
2 0.46953125 0.94765625 0.2703125 0.1046875