2 0.80859375 0.7421875 0.10625 0.1265625
2 0.80078125 0.76328125 0.0921875 0.1265625
1 0.34453125 0.23046875 0.6890625 0.4265625
1 0.315625 0.33984375 0.5890625 0.4578125
3 0.38671875 0.328125 0.196875 0.2046875
0 0.48046875 0.228125 0.0703125 0.11875
3 0.43359375 0.45859375 0.19375 0.1953125
3 0.521875 0.31640625 0.121875 0.1125
3 0.490625 0.5296875 0.1859375 0.2296875
3 0.5828125 0.40078125 0.146875 0.1609375
3 0.68125 0.4734375 0.1625 0.178125
3 0.709375 0.61796875 0.390625 0.3125
3 0.81484375 0.6203125 0.2375 0.2703125
3 0.934375 0.58125 0.13125 0.121875
3 0.93671875 0.72890625 0.1265625 0.2828125