2 0.8125 0.73671875 0.1078125 0.128125
2 0.80546875 0.7578125 0.09375 0.128125
1 0.34375 0.2328125 0.6875 0.4375
1 0.31328125 0.34296875 0.5953125 0.4671875
3 0.38359375 0.3296875 0.2 0.2078125
0 0.475 0.228125 0.071875 0.11875
3 0.4328125 0.46015625 0.1953125 0.1984375
3 0.51796875 0.315625 0.1234375 0.1140625
3 0.49140625 0.5296875 0.1890625 0.2328125
3 0.58125 0.39921875 0.15 0.1625
3 0.68046875 0.4703125 0.165625 0.1796875
3 0.71171875 0.6140625 0.3953125 0.31875
3 0.8171875 0.61484375 0.2421875 0.2734375
3 0.93515625 0.5734375 0.1296875 0.125
3 0.9375 0.7203125 0.125 0.284375