2 0.71796875 0.82578125 0.1203125 0.1359375
2 0.7046875 0.84296875 0.10625 0.1359375
1 0.42109375 0.22421875 0.7546875 0.4484375
1 0.37421875 0.290625 0.634375 0.525
3 0.4453125 0.3015625 0.21875 0.225
0 0.56484375 0.23515625 0.084375 0.1234375
3 0.45 0.440625 0.2140625 0.215625
3 0.57734375 0.33203125 0.1328125 0.1265625
3 0.48203125 0.52578125 0.2125 0.2484375
3 0.609375 0.43125 0.1640625 0.175
3 0.68046875 0.53046875 0.1828125 0.1953125
3 0.6625 0.67734375 0.421875 0.35625
3 0.7625 0.71171875 0.2671875 0.2953125
3 0.89453125 0.71484375 0.15625 0.1390625
3 0.859375 0.8546875 0.19375 0.290625