2 0.83515625 0.70234375 0.11875 0.1359375
2 0.83046875 0.72421875 0.1046875 0.134375
1 0.3375 0.253125 0.675 0.503125
1 0.30546875 0.36328125 0.6109375 0.5171875
3 0.36640625 0.34296875 0.215625 0.2234375
0 0.446875 0.2328125 0.0828125 0.1234375
3 0.42890625 0.4671875 0.2125 0.2140625
3 0.49921875 0.31484375 0.1328125 0.125
3 0.49453125 0.53046875 0.209375 0.246875
3 0.5703125 0.39140625 0.1625 0.1734375
3 0.6765625 0.4515625 0.1796875 0.19375
3 0.72265625 0.59140625 0.41875 0.3515625
3 0.82734375 0.58125 0.2640625 0.2921875
3 0.93515625 0.52734375 0.1296875 0.1359375
3 0.940625 0.671875 0.11875 0.29375