2 0.7859375 0.76796875 0.096875 0.11875
2 0.7765625 0.78828125 0.08125 0.1203125
1 0.3546875 0.2171875 0.690625 0.36875
1 0.33046875 0.32421875 0.55625 0.4109375
3 0.40234375 0.31875 0.18125 0.190625
0 0.50390625 0.22734375 0.059375 0.1125
3 0.4375 0.453125 0.178125 0.18125
3 0.5375 0.31875 0.1125 0.103125
3 0.48828125 0.52890625 0.16875 0.215625
3 0.59140625 0.40859375 0.134375 0.15
3 0.6828125 0.4890625 0.15 0.165625
3 0.6984375 0.6359375 0.36875 0.28125
3 0.803125 0.64765625 0.215625 0.253125
3 0.9328125 0.6203125 0.134375 0.1109375
3 0.93125 0.76796875 0.1375 0.271875