2 0.790625 0.76328125 0.0984375 0.1203125
2 0.78125 0.78359375 0.084375 0.121875
1 0.35 0.21953125 0.696875 0.3796875
1 0.32734375 0.32734375 0.5625 0.4203125
3 0.39921875 0.3203125 0.184375 0.1921875
0 0.49921875 0.22734375 0.0625 0.1140625
3 0.43671875 0.45390625 0.18125 0.1828125
3 0.534375 0.31796875 0.115625 0.1046875
3 0.4890625 0.52890625 0.171875 0.21875
3 0.58984375 0.40703125 0.1375 0.1515625
3 0.6828125 0.4859375 0.1515625 0.16875
3 0.70078125 0.6328125 0.3734375 0.2875
3 0.80546875 0.6421875 0.2203125 0.25625
3 0.93359375 0.6125 0.1328125 0.1125
3 0.93203125 0.759375 0.1359375 0.275