1 0.25546875 0.55078125 0.3984375 0.278125
1 0.71953125 0.421875 0.3859375 0.1171875
2 0.0875 0.7796875 0.0546875 0.2625
2 0.13203125 0.7765625 0.0625 0.2875
0 0.6140625 0.28046875 0.0296875 0.0515625
0 0.60703125 0.23125 0.0234375 0.0484375
0 0.67890625 0.2453125 0.0328125 0.0796875
0 0.70625 0.1875 0.040625 0.1078125
0 0.73984375 0.18984375 0.03125 0.09375
0 0.76953125 0.1875 0.0296875 0.0875
0 0.80546875 0.18828125 0.040625 0.09375
1 0.45546875 0.35390625 0.56875 0.0921875
3 0.85078125 0.5625 0.11875 0.1625