1 0.25078125 0.5125 0.428125 0.3234375
1 0.72890625 0.45703125 0.3953125 0.1640625
2 0.04921875 0.71171875 0.0859375 0.265625
2 0.09296875 0.715625 0.096875 0.290625
0 0.646875 0.3015625 0.0359375 0.0546875
0 0.64765625 0.25078125 0.028125 0.0515625
0 0.7171875 0.2765625 0.0421875 0.0828125
0 0.75234375 0.22421875 0.053125 0.1125
0 0.7859375 0.23125 0.0421875 0.096875
0 0.81484375 0.23359375 0.040625 0.090625
0 0.85078125 0.23984375 0.0515625 0.0984375
1 0.47890625 0.3484375 0.5734375 0.1609375
3 0.83671875 0.61640625 0.1375 0.175