1 0.25234375 0.49296875 0.4453125 0.3484375
1 0.4875 0.35234375 0.578125 0.2109375
2 0.05234375 0.6765625 0.1046875 0.275
2 0.07890625 0.6890625 0.11875 0.2859375
0 0.6640625 0.26171875 0.04375 0.059375
0 0.6609375 0.3109375 0.0421875 0.0484375
0 0.69921875 0.284375 0.053125 0.1015625
0 0.73125 0.2953125 0.053125 0.0921875
0 0.86953125 0.27265625 0.0578125 0.0953125
0 0.83515625 0.25625 0.0515625 0.0921875
0 0.8046875 0.24765625 0.0515625 0.096875
0 0.771875 0.24296875 0.05 0.1046875
3 0.83359375 0.63046875 0.15625 0.20625