1 0.2734375 0.6046875 0.4484375 0.359375
1 0.696875 0.37421875 0.4 0.2
2 0.1609375 0.865625 0.1125 0.265625
2 0.20390625 0.85234375 0.125 0.2921875
0 0.56171875 0.2609375 0.040625 0.05625
0 0.54375 0.2140625 0.0328125 0.0515625
0 0.6171875 0.21171875 0.05 0.084375
0 0.63046875 0.14921875 0.0625 0.1140625
0 0.6640625 0.14375 0.05 0.0984375
0 0.6921875 0.13515625 0.0484375 0.090625
0 0.72734375 0.12734375 0.059375 0.1
1 0.4234375 0.36796875 0.5703125 0.2171875
3 0.85625 0.48203125 0.1515625 0.184375