1 0.2546875 0.5359375 0.40625 0.2859375
1 0.46171875 0.35625 0.575 0.1140625
2 0.084375 0.753125 0.071875 0.26875
2 0.11796875 0.759375 0.071875 0.28125
0 0.6203125 0.23671875 0.0359375 0.0546875
0 0.62578125 0.28515625 0.034375 0.04375
0 0.65859375 0.253125 0.0375 0.096875
0 0.6921875 0.2578125 0.0390625 0.0875
0 0.82421875 0.21171875 0.04375 0.090625
0 0.78828125 0.20234375 0.0359375 0.0875
0 0.75625 0.1984375 0.0375 0.0921875
0 0.7234375 0.2 0.0328125 0.1015625
3 0.85078125 0.57109375 0.1265625 0.1890625