1 0.25 0.5078125 0.4328125 0.3296875
1 0.7296875 0.4609375 0.396875 0.1703125
2 0.0453125 0.70390625 0.090625 0.2671875
2 0.08984375 0.70859375 0.1015625 0.2921875
0 0.65078125 0.30390625 0.0359375 0.0546875
0 0.65234375 0.25390625 0.0296875 0.0515625
0 0.7203125 0.28046875 0.04375 0.084375
0 0.75703125 0.228125 0.0546875 0.1125
0 0.78984375 0.2359375 0.04375 0.096875
0 0.81953125 0.2390625 0.0421875 0.090625
0 0.8546875 0.24609375 0.053125 0.0984375
1 0.48125 0.3484375 0.5734375 0.1703125
3 0.83515625 0.62265625 0.1390625 0.1765625