1 0.26953125 0.596875 0.4421875 0.3484375
1 0.70078125 0.38125 0.3984375 0.1890625
2 0.1484375 0.853125 0.1046875 0.2671875
2 0.19140625 0.8421875 0.115625 0.2921875
0 0.5703125 0.26328125 0.0390625 0.05625
0 0.55390625 0.215625 0.03125 0.0515625
0 0.62734375 0.215625 0.046875 0.084375
0 0.64296875 0.15390625 0.059375 0.1140625
0 0.6765625 0.14921875 0.0484375 0.0984375
0 0.7046875 0.14140625 0.046875 0.090625
0 0.740625 0.1359375 0.05625 0.1
1 0.428125 0.36484375 0.571875 0.1984375
3 0.85703125 0.49453125 0.146875 0.18125