1 0.27421875 0.60234375 0.4515625 0.359375
1 0.42421875 0.37265625 0.578125 0.2296875
2 0.1703125 0.8578125 0.125 0.275
2 0.2046875 0.8546875 0.128125 0.2859375
0 0.54296875 0.2140625 0.0453125 0.059375
0 0.56171875 0.259375 0.04375 0.05
0 0.584375 0.21875 0.05625 0.1015625
0 0.61796875 0.21484375 0.05625 0.0921875
0 0.73203125 0.13359375 0.0609375 0.096875
0 0.69453125 0.134375 0.053125 0.0921875
0 0.66328125 0.13984375 0.0546875 0.096875
0 0.63203125 0.15 0.053125 0.1046875
3 0.85703125 0.47109375 0.1609375 0.209375