1 0.26640625 0.58203125 0.434375 0.33125
1 0.43515625 0.36640625 0.5796875 0.1828125
2 0.140625 0.82734375 0.103125 0.2734375
2 0.17421875 0.82734375 0.1046875 0.2859375
0 0.56796875 0.21875 0.0421875 0.0578125
0 0.58203125 0.265625 0.040625 0.0484375
0 0.60859375 0.22734375 0.0484375 0.1
0 0.6421875 0.22578125 0.0484375 0.090625
0 0.76328125 0.15546875 0.0546875 0.09375
0 0.72578125 0.15234375 0.046875 0.090625
0 0.69375 0.15546875 0.046875 0.0953125
0 0.66171875 0.1625 0.04375 0.1046875
3 0.8578125 0.50234375 0.1484375 0.2015625