1 0.25546875 0.540625 0.4015625 0.278125
1 0.459375 0.35703125 0.5734375 0.103125
2 0.0890625 0.76015625 0.0671875 0.26875
2 0.12265625 0.76640625 0.0671875 0.2796875
0 0.615625 0.23515625 0.034375 0.053125
0 0.621875 0.28359375 0.034375 0.04375
0 0.6546875 0.25 0.0359375 0.096875
0 0.68828125 0.2546875 0.0375 0.0875
0 0.81953125 0.20625 0.0421875 0.0890625
0 0.7828125 0.196875 0.034375 0.0875
0 0.75078125 0.19453125 0.0359375 0.0921875
0 0.71796875 0.19609375 0.03125 0.1015625
3 0.85234375 0.56484375 0.1234375 0.1875