1 0.271875 0.60078125 0.4453125 0.353125
1 0.6984375 0.378125 0.4 0.1953125
2 0.1546875 0.859375 0.1078125 0.2671875
2 0.19765625 0.846875 0.1203125 0.2921875
0 0.56640625 0.26171875 0.0390625 0.05625
0 0.5484375 0.21484375 0.0328125 0.0515625
0 0.62265625 0.21328125 0.0484375 0.084375
0 0.63671875 0.1515625 0.0609375 0.1140625
0 0.6703125 0.14609375 0.05 0.0984375
0 0.6984375 0.13828125 0.0484375 0.090625
0 0.734375 0.13203125 0.0578125 0.1
1 0.42578125 0.36640625 0.571875 0.2078125
3 0.85625 0.48828125 0.1484375 0.1828125