1 0.25078125 0.490625 0.4453125 0.353125
1 0.73203125 0.47734375 0.4 0.1953125
2 0.04296875 0.67109375 0.0859375 0.2671875
2 0.07578125 0.6796875 0.1203125 0.2921875
0 0.6640625 0.31484375 0.0390625 0.05625
0 0.66875 0.26484375 0.0328125 0.0515625
0 0.73515625 0.29609375 0.0484375 0.084375
0 0.77578125 0.246875 0.0609375 0.1140625
0 0.8078125 0.25703125 0.05 0.0984375
0 0.8375 0.26171875 0.0484375 0.090625
0 0.871875 0.271875 0.0578125 0.1
1 0.4921875 0.34765625 0.571875 0.2078125
3 0.82578125 0.64609375 0.1484375 0.1828125