1 0.25078125 0.48203125 0.4515625 0.3640625
1 0.7328125 0.48515625 0.4 0.20625
2 0.0421875 0.6546875 0.084375 0.265625
2 0.0703125 0.66484375 0.1296875 0.290625
0 0.6703125 0.32109375 0.040625 0.05625
0 0.67734375 0.27109375 0.034375 0.053125
0 0.7421875 0.3046875 0.0515625 0.084375
0 0.784375 0.25703125 0.065625 0.1140625
0 0.81640625 0.26796875 0.0515625 0.0984375
0 0.8453125 0.27421875 0.05 0.090625
0 0.8796875 0.284375 0.0609375 0.1
1 0.496875 0.346875 0.56875 0.2265625
3 0.8203125 0.65703125 0.153125 0.1859375