1 0.25390625 0.54296875 0.3984375 0.278125
1 0.72265625 0.4296875 0.3859375 0.1171875
2 0.078125 0.765625 0.0546875 0.2625
2 0.12265625 0.7640625 0.0625 0.2875
0 0.621875 0.28515625 0.0296875 0.0515625
0 0.61640625 0.23515625 0.0234375 0.0484375
0 0.68828125 0.2515625 0.0328125 0.0796875
0 0.7171875 0.1953125 0.040625 0.1078125
0 0.75078125 0.1984375 0.03125 0.09375
0 0.78046875 0.196875 0.0296875 0.0875
0 0.81640625 0.19921875 0.040625 0.09375
1 0.46015625 0.35234375 0.56875 0.0921875
3 0.8484375 0.575 0.11875 0.1625