1 0.26796875 0.5859375 0.4375 0.3359375
1 0.4328125 0.3671875 0.5796875 0.1921875
2 0.14609375 0.83359375 0.1078125 0.2734375
2 0.18046875 0.83359375 0.109375 0.2859375
0 0.5625 0.21796875 0.0421875 0.0578125
0 0.578125 0.2640625 0.040625 0.0484375
0 0.60390625 0.22578125 0.05 0.1
0 0.6375 0.2234375 0.05 0.0921875
0 0.75703125 0.15078125 0.05625 0.0953125
0 0.71953125 0.1484375 0.0484375 0.090625
0 0.6875 0.15234375 0.0484375 0.0953125
0 0.65546875 0.16015625 0.0453125 0.1046875
3 0.8578125 0.49609375 0.15 0.203125