1 0.38671875 0.33515625 0.1765625 0.66875
3 0.65 0.34609375 0.296875 0.64375
3 0.75859375 0.52890625 0.1890625 0.2390625
3 0.24921875 0.521875 0.1765625 0.2234375
3 0.378125 0.8125 0.2390625 0.340625
3 0.6 0.8078125 0.2171875 0.3328125
3 0.75546875 0.81015625 0.4015625 0.309375
3 0.2109375 0.79921875 0.3453125 0.2109375
2 0.496875 0.41328125 0.0625 0.2515625
2 0.15390625 0.55234375 0.209375 0.2671875
2 0.09921875 0.6046875 0.1953125 0.19375
2 0.1984375 0.9140625 0.3265625 0.153125
2 0.83671875 0.5421875 0.171875 0.2390625
2 0.91015625 0.553125 0.1796875 0.2125
2 0.82578125 0.88515625 0.2890625 0.178125