1 0.38046875 0.33984375 0.1765625 0.66875
3 0.64453125 0.34140625 0.296875 0.64375
3 0.759375 0.51953125 0.1890625 0.2390625
3 0.25078125 0.53125 0.1765625 0.2234375
3 0.3890625 0.8171875 0.2390625 0.340625
3 0.6109375 0.8046875 0.2171875 0.3328125
3 0.76640625 0.80078125 0.4015625 0.309375
3 0.221875 0.80859375 0.3453125 0.2109375
2 0.49375 0.41328125 0.0625 0.2515625
2 0.15546875 0.56484375 0.209375 0.2671875
2 0.103125 0.61875 0.1953125 0.19375
2 0.21171875 0.9234375 0.3265625 0.153125
2 0.83828125 0.5296875 0.171875 0.2390625
2 0.9109375 0.5390625 0.178125 0.2125
2 0.8390625 0.8734375 0.2890625 0.178125