1 0.38828125 0.334375 0.1890625 0.66875
3 0.653125 0.34921875 0.3078125 0.6484375
3 0.75859375 0.53359375 0.19375 0.2421875
3 0.24921875 0.51796875 0.18125 0.2265625
3 0.37265625 0.8109375 0.24375 0.3453125
3 0.59453125 0.809375 0.2234375 0.3375
3 0.75 0.8140625 0.4078125 0.3171875
3 0.20625 0.79375 0.3484375 0.2171875
2 0.4984375 0.41328125 0.0671875 0.2515625
2 0.153125 0.546875 0.2140625 0.2703125
2 0.09765625 0.596875 0.1953125 0.196875
2 0.190625 0.909375 0.3296875 0.1578125
2 0.8359375 0.54765625 0.1765625 0.2421875
2 0.90859375 0.5609375 0.1828125 0.215625
2 0.81953125 0.89140625 0.2921875 0.1828125