1 0.39765625 0.33359375 0.2234375 0.6671875
3 0.6609375 0.35703125 0.340625 0.6609375
3 0.75625 0.546875 0.2046875 0.2515625
3 0.2484375 0.5046875 0.1921875 0.2359375
3 0.35625 0.803125 0.2609375 0.35625
3 0.578125 0.8140625 0.2390625 0.346875
3 0.73359375 0.82734375 0.421875 0.3359375
3 0.190625 0.778125 0.3578125 0.234375
2 0.503125 0.41328125 0.0796875 0.2546875
2 0.15078125 0.528125 0.2265625 0.28125
2 0.09765625 0.5765625 0.1953125 0.20625
2 0.1703125 0.8921875 0.3359375 0.175
2 0.8328125 0.56484375 0.1875 0.25
2 0.9046875 0.58203125 0.190625 0.2234375
2 0.7984375 0.90390625 0.3 0.1921875