1 0.42890625 0.328125 0.3328125 0.65625
3 0.6828125 0.3875 0.4421875 0.690625
3 0.74453125 0.590625 0.240625 0.2765625
3 0.2515625 0.4609375 0.225 0.2578125
3 0.30625 0.77421875 0.3125 0.3859375
3 0.52265625 0.81796875 0.2890625 0.3640625
3 0.671875 0.83203125 0.4625 0.3359375
3 0.16953125 0.71953125 0.3390625 0.2859375
2 0.51796875 0.41484375 0.1203125 0.25625
2 0.1515625 0.4671875 0.265625 0.3078125
2 0.10078125 0.50390625 0.2015625 0.2328125
2 0.14140625 0.82890625 0.2828125 0.2265625
2 0.81640625 0.621875 0.2234375 0.271875
2 0.8859375 0.6515625 0.225 0.2484375
2 0.72265625 0.915625 0.3203125 0.16875