1 0.56953125 0.85859375 0.6640625 0.2828125
1 0.1875 0.4578125 0.375 0.803125
1 0.33359375 0.48359375 0.340625 0.6515625
1 0.58359375 0.44453125 0.353125 0.6890625
1 0.82109375 0.42265625 0.3515625 0.615625
1 0.5015625 0.1328125 0.609375 0.265625
2 0.14765625 0.3265625 0.1453125 0.253125
2 0.27578125 0.25546875 0.090625 0.1734375
2 0.64765625 0.41015625 0.0671875 0.146875
2 0.81953125 0.23515625 0.13125 0.2234375
3 0.640625 0.27109375 0.165625 0.159375
3 0.51328125 0.68984375 0.1484375 0.1390625