1 0.5984375 0.234375 0.48125 0.3109375
3 0.82578125 0.44609375 0.2828125 0.184375
3 0.77578125 0.60546875 0.259375 0.16875
3 0.709375 0.69453125 0.28125 0.1609375
3 0.434375 0.5515625 0.24375 0.175
3 0.5421875 0.440625 0.234375 0.1734375
2 0.1640625 0.2390625 0.1265625 0.3171875
0 0.309375 0.2484375 0.1171875 0.340625
0 0.5078125 0.77109375 0.11875 0.1515625
0 0.421875 0.76796875 0.0921875 0.1484375
0 0.31015625 0.75546875 0.096875 0.1421875
0 0.1140625 0.628125 0.1578125 0.10625
0 0.190625 0.73203125 0.1390625 0.1296875