1 0.50625 0.2171875 0.490625 0.33125
3 0.790625 0.34296875 0.2875 0.196875
3 0.79453125 0.51015625 0.2640625 0.18125
3 0.7609375 0.615625 0.2859375 0.1734375
3 0.4546875 0.5703125 0.2484375 0.184375
3 0.5203125 0.4296875 0.240625 0.1828125
2 0.09765625 0.3625 0.1421875 0.31875
0 0.23828125 0.32421875 0.134375 0.3421875
0 0.5953125 0.75390625 0.125 0.15625
0 0.51328125 0.77890625 0.1 0.15
0 0.40390625 0.80390625 0.103125 0.1453125
0 0.17734375 0.746875 0.1609375 0.1125
0 0.2828125 0.8203125 0.14375 0.134375