1 0.5796875 0.228125 0.4671875 0.28125
3 0.82109375 0.4234375 0.2734375 0.1671875
3 0.78203125 0.5859375 0.2515625 0.153125
3 0.72265625 0.67890625 0.275 0.14375
3 0.43828125 0.55625 0.2359375 0.159375
3 0.53828125 0.4375 0.2265625 0.159375
2 0.146875 0.26328125 0.10625 0.3125
0 0.29296875 0.2625 0.0953125 0.3390625
0 0.5265625 0.76953125 0.1109375 0.1453125
0 0.440625 0.7734375 0.084375 0.14375
0 0.32890625 0.76875 0.0890625 0.1375
0 0.12421875 0.6546875 0.153125 0.096875
0 0.2078125 0.753125 0.1328125 0.121875