1 0.540625 0.21953125 0.4671875 0.28125
3 0.80703125 0.3796875 0.2734375 0.1671875
3 0.79140625 0.54609375 0.2515625 0.153125
3 0.7453125 0.646875 0.275 0.14375
3 0.446875 0.5640625 0.2359375 0.159375
3 0.52890625 0.4328125 0.2265625 0.159375
2 0.1171875 0.31484375 0.10625 0.3125
0 0.26171875 0.29375 0.0953125 0.3390625
0 0.5640625 0.76328125 0.1109375 0.1453125
0 0.4796875 0.77890625 0.084375 0.14375
0 0.3671875 0.78984375 0.0890625 0.1375
0 0.14921875 0.70546875 0.153125 0.096875
0 0.2453125 0.79140625 0.1328125 0.121875