1 0.61640625 0.2421875 0.49375 0.3390625
3 0.828125 0.46953125 0.2890625 0.2015625
3 0.7671875 0.625 0.265625 0.184375
3 0.6953125 0.70859375 0.2875 0.178125
3 0.43125 0.546875 0.2515625 0.1890625
3 0.54609375 0.44375 0.2421875 0.1859375
2 0.18359375 0.21640625 0.146875 0.31875
0 0.328125 0.2359375 0.1390625 0.3421875
0 0.4890625 0.77109375 0.128125 0.15625
0 0.40390625 0.7625 0.1015625 0.1515625
0 0.29296875 0.7421875 0.1046875 0.1453125
0 0.10625 0.60078125 0.1609375 0.115625
0 0.175 0.709375 0.1453125 0.1375