1 0.13515625 0.44921875 0.2703125 0.8765625
1 0.225 0.41171875 0.309375 0.8234375
1 0.6859375 0.109375 0.628125 0.21875
1 0.29921875 0.50546875 0.3234375 0.834375
1 0.4765625 0.5375 0.36875 0.8640625
1 0.79921875 0.25 0.4015625 0.225
1 0.78203125 0.39609375 0.4359375 0.2453125
1 0.7671875 0.534375 0.465625 0.259375
3 0.584375 0.6546875 0.2078125 0.15
3 0.8109375 0.703125 0.2328125 0.153125
3 0.76171875 0.81640625 0.31875 0.1921875
3 0.67578125 0.82734375 0.1375 0.103125
3 0.54609375 0.80078125 0.1625 0.125
3 0.59375 0.925 0.246875 0.15
3 0.7921875 0.940625 0.24375 0.11875