1 0.0984375 0.534375 0.196875 0.859375
1 0.21015625 0.46015625 0.1671875 0.8359375
1 0.63984375 0.06015625 0.70625 0.1203125
1 0.3046875 0.546875 0.1859375 0.8203125
1 0.48515625 0.54140625 0.2265625 0.8421875
1 0.771875 0.1875 0.4484375 0.15
1 0.77265625 0.33671875 0.4515625 0.1703125
1 0.7734375 0.4765625 0.453125 0.184375
3 0.61484375 0.63359375 0.190625 0.1203125
3 0.84609375 0.63359375 0.215625 0.11875
3 0.821875 0.75546875 0.3015625 0.1421875
3 0.73984375 0.78359375 0.1265625 0.0828125
3 0.60703125 0.78515625 0.1484375 0.1015625
3 0.684375 0.91328125 0.2265625 0.146875
3 0.884375 0.90078125 0.2234375 0.146875