1 0.12734375 0.5734375 0.2546875 0.853125
1 0.2078125 0.49609375 0.2671875 0.8453125
1 0.584375 0.07421875 0.7125 0.1484375
1 0.31171875 0.5703125 0.2828125 0.8328125
1 0.490625 0.54296875 0.3265625 0.859375
1 0.73203125 0.15625 0.4609375 0.203125
1 0.75078125 0.3046875 0.4671875 0.2234375
1 0.76640625 0.44375 0.4671875 0.2375
3 0.63046875 0.61875 0.203125 0.1421875
3 0.86015625 0.590625 0.228125 0.14375
3 0.846875 0.7140625 0.30625 0.178125
3 0.77265625 0.75234375 0.134375 0.096875
3 0.64140625 0.76953125 0.159375 0.1171875
3 0.73359375 0.8875 0.2421875 0.1734375
3 0.90546875 0.85078125 0.1890625 0.1734375