1 0.13203125 0.5765625 0.2640625 0.846875
1 0.2078125 0.5015625 0.28125 0.846875
1 0.5765625 0.0765625 0.7125 0.153125
1 0.31328125 0.57421875 0.296875 0.834375
1 0.49140625 0.54296875 0.340625 0.8609375
1 0.72578125 0.15234375 0.4625 0.209375
1 0.74765625 0.3 0.46875 0.23125
1 0.765625 0.43828125 0.46875 0.2453125
3 0.63203125 0.61640625 0.2046875 0.14375
3 0.86171875 0.584375 0.2296875 0.146875
3 0.84765625 0.70703125 0.3046875 0.1828125
3 0.77734375 0.746875 0.1359375 0.0984375
3 0.64609375 0.7671875 0.1609375 0.1203125
3 0.740625 0.88359375 0.24375 0.1765625
3 0.9078125 0.84296875 0.184375 0.1765625