1 0.1234375 0.5703125 0.246875 0.859375
1 0.2078125 0.49140625 0.253125 0.8453125
1 0.5921875 0.071875 0.7125 0.14375
1 0.3109375 0.5671875 0.26875 0.83125
1 0.48984375 0.54296875 0.3125 0.8578125
1 0.7375 0.1609375 0.459375 0.1953125
1 0.7546875 0.30859375 0.465625 0.2171875
1 0.7671875 0.44765625 0.465625 0.2296875
3 0.628125 0.62109375 0.2015625 0.1390625
3 0.85859375 0.596875 0.2265625 0.140625
3 0.8453125 0.71953125 0.309375 0.1734375
3 0.76875 0.75703125 0.134375 0.0953125
3 0.63671875 0.771875 0.1578125 0.115625
3 0.7265625 0.89140625 0.240625 0.1703125
3 0.90234375 0.85859375 0.1953125 0.1703125