1 0.15625 0.49072265625 0.15625 0.45263671875 0.142578125 0.41455078125 0.138671875 0.36474609375 0.1201171875 0.3427734375 0.0830078125 0.33984375 0.0546875 0.36474609375 0.044921875 0.39990234375 0.044921875 0.43212890625 0.05859375 0.48193359375 0.056640625 0.51708984375 0.06640625 0.54345703125 0.0791015625 0.556640625 0.119140625 0.55810546875 0.150390625 0.51416015625 0.15625 0.49072265625
1 0.287109375 0.79541015625 0.29296875 0.77490234375 0.291015625 0.73681640625 0.2763671875 0.7119140625 0.2548828125 0.71484375 0.2412109375 0.6943359375 0.2236328125 0.7001953125 0.19921875 0.73095703125 0.19140625 0.76025390625 0.193359375 0.78662109375 0.2177734375 0.8291015625 0.25390625 0.83056640625 0.2724609375 0.8173828125 0.287109375 0.79541015625
1 0.337890625 0.89794921875 0.33984375 0.87451171875 0.333984375 0.84521484375 0.3037109375 0.8115234375 0.2783203125 0.814453125 0.2568359375 0.8291015625 0.23828125 0.86865234375 0.236328125 0.90087890625 0.2421875 0.92138671875 0.2548828125 0.9404296875 0.2744140625 0.955078125 0.283203125 0.95361328125 0.3232421875 0.931640625 0.337890625 0.89794921875
1 0.396484375 0.97119140625 0.400390625 0.92724609375 0.3876953125 0.896484375 0.3662109375 0.9052734375 0.3486328125 0.87890625 0.3427734375 0.87890625 0.33203125 0.92138671875 0.296875 0.95361328125 0.296875 0.97412109375 0.3076171875 0.9990234375 0.373046875 1 0.3798828125 0.9990234375 0.396484375 0.97119140625
1 0.427734375 0.93603515625 0.4033203125 0.9228515625 0.396484375 0.97412109375 0.3828125 0.99755859375 0.435546875 1 0.435546875 0.96240234375 0.427734375 0.93603515625
1 0.35546875 0.68408203125 0.3466796875 0.6767578125 0.3154296875 0.6767578125 0.30859375 0.71337890625 0.310546875 0.75732421875 0.3193359375 0.7646484375 0.34375 0.76318359375 0.35546875 0.75146484375 0.35546875 0.68408203125
1 0.5546875 0.85986328125 0.5341796875 0.8466796875 0.5107421875 0.8525390625 0.505859375 0.86572265625 0.505859375 0.93896484375 0.5146484375 0.9462890625 0.55078125 0.94482421875 0.556640625 0.93017578125 0.5546875 0.85986328125
1 0.60546875 0.52001953125 0.5908203125 0.5185546875 0.5419921875 0.5419921875 0.5087890625 0.533203125 0.4794921875 0.5361328125 0.4443359375 0.521484375 0.43359375 0.58447265625 0.40625 0.63720703125 0.40625 0.65185546875 0.4130859375 0.6591796875 0.443359375 0.66357421875 0.4951171875 0.626953125 0.60546875 0.52001953125
1 0.416015625 0.57275390625 0.419921875 0.53173828125 0.3994140625 0.5009765625 0.3857421875 0.5009765625 0.3583984375 0.5185546875 0.33203125 0.57568359375 0.333984375 0.60791015625 0.341796875 0.63134765625 0.365234375 0.63427734375 0.3935546875 0.615234375 0.416015625 0.57275390625
1 0.55859375 0.50830078125 0.568359375 0.47607421875 0.568359375 0.45263671875 0.5634765625 0.4453125 0.4970703125 0.416015625 0.4462890625 0.3837890625 0.4267578125 0.380859375 0.4150390625 0.369140625 0.3642578125 0.3486328125 0.3515625 0.35302734375 0.353515625 0.37060546875 0.3681640625 0.392578125 0.3916015625 0.4013671875 0.4248046875 0.4541015625 0.4580078125 0.45703125 0.45703125 0.49365234375 0.4677734375 0.521484375 0.4814453125 0.5302734375 0.52734375 0.53466796875 0.5439453125 0.52734375 0.55859375 0.50830078125
1 0.1943359375 0.328125 0.1796875 0.36181640625 0.18359375 0.37939453125 0.19140625 0.38232421875 0.197265625 0.36181640625 0.1943359375 0.328125
1 0.3359375 0.38525390625 0.337890625 0.34130859375 0.3076171875 0.328125 0.2802734375 0.3046875 0.2685546875 0.3134765625 0.2548828125 0.2958984375 0.2333984375 0.29296875 0.22265625 0.31494140625 0.22265625 0.35009765625 0.23046875 0.37060546875 0.2724609375 0.416015625 0.296875 0.42333984375 0.3173828125 0.41015625 0.3359375 0.38525390625
1 0.3798828125 0.1201171875 0.4013671875 0.111328125 0.40625 0.10107421875 0.3818359375 0.076171875 0.3505859375 0.076171875 0.3369140625 0.087890625 0.322265625 0.11572265625 0.322265625 0.15380859375 0.326171875 0.15673828125 0.3466796875 0.1083984375 0.3798828125 0.1201171875
1 0.65625 0.03662109375 0.677734375 0.00146484375 0.5751953125 0 0.56640625 0.04541015625 0.568359375 0.09521484375 0.57421875 0.11572265625 0.6005859375 0.140625 0.62890625 0.13916015625 0.65234375 0.10693359375 0.65625 0.03662109375
1 0.6259765625 0.19921875 0.5908203125 0.1845703125 0.5673828125 0.1611328125 0.5419921875 0.1611328125 0.521484375 0.17724609375 0.638671875 0.22998046875 0.63671875 0.21533203125 0.6259765625 0.19921875
1 0.771484375 0.42041015625 0.7392578125 0.380859375 0.7216796875 0.3779296875 0.7001953125 0.38671875 0.677734375 0.41748046875 0.6943359375 0.4423828125 0.7119140625 0.427734375 0.7431640625 0.4423828125 0.7568359375 0.4189453125 0.7646484375 0.4189453125 0.767578125 0.43212890625 0.7578125 0.46435546875 0.7626953125 0.4775390625 0.767578125 0.47607421875 0.7734375 0.45849609375 0.771484375 0.42041015625
1 0.84375 0.56103515625 0.8359375 0.53173828125 0.8134765625 0.50390625 0.791015625 0.53759765625 0.787109375 0.56982421875 0.8017578125 0.6064453125 0.826171875 0.62548828125 0.841796875 0.60205078125 0.84375 0.56103515625
5 0.935546875 0.83935546875 0.9375 0.81591796875 0.95703125 0.78955078125 0.8056640625 0.6123046875 0.791015625 0.58740234375 0.7890625 0.54345703125 0.814453125 0.51123046875 0.8203125 0.48486328125 0.8115234375 0.4833984375 0.7939453125 0.498046875 0.7744140625 0.4951171875 0.7578125 0.47021484375 0.7578125 0.44677734375 0.765625 0.43505859375 0.7626953125 0.4189453125 0.7431640625 0.4423828125 0.7216796875 0.427734375 0.6943359375 0.439453125 0.6826171875 0.427734375 0.6708984375 0.427734375 0.6328125 0.47607421875 0.6318359375 0.5009765625 0.3486328125 0.7646484375 0.318359375 0.78076171875 0.326171875 0.82177734375 0.345703125 0.86865234375 0.3681640625 0.896484375 0.3818359375 0.890625 0.4384765625 0.83203125 0.4580078125 0.8232421875 0.5283203125 0.755859375 0.5673828125 0.7587890625 0.58984375 0.83349609375 0.6005859375 0.8349609375 0.6689453125 0.7939453125 0.7158203125 0.7412109375 0.7470703125 0.767578125 0.8095703125 0.8525390625 0.828125 0.88916015625 0.837890625 0.92724609375 0.845703125 0.92724609375 0.9267578125 0.8525390625 0.935546875 0.83935546875
1 0.18611111111111112 0.6630208333333333 0.26302777777777775 0.6630208333333333 0.26302777777777775 0.5319375000000001 0.18611111111111112 0.5319375000000001 0.18611111111111112 0.6630208333333333
1 0.20555555555555555 0.29248958333333336 0.3000555555555555 0.29248958333333336 0.3000555555555555 0.16805208333333335 0.20555555555555555 0.16805208333333335 0.20555555555555555 0.29248958333333336
1 0.28704166666666664 0.5400416666666668 0.3924861111111111 0.5400416666666668 0.3924861111111111 0.3875 0.28704166666666664 0.3875 0.28704166666666664 0.5400416666666668