0 0.6484375 0.5827121559633027 0.6533203125 0.5633600917431193 0.6669921875 0.5547591743119266 0.669921875 0.5483084862385321 0.671875 0.5354071100917431 0.671875 0.5225057339449541 0.6696582057291667 0.5059256903669724 0.6712331723958334 0.4984761651376147 0.6693735942708333 0.46736193233944956 0.6669921875 0.4644495412844037 0.6318359375 0.4601490825688073 0.625 0.4665997706422018 0.623046875 0.4838016055045872 0.62109375 0.5096043577981652 0.6208295859375 0.5451058623853211 0.6230203380208333 0.5601279403669724 0.6259765625 0.5633600917431193 0.640625 0.5827121559633027 0.6403990984375 0.6373349105504587 0.638671875 0.664420871559633 0.6337890625 0.6751720183486238 0.6279296875 0.6751720183486238 0.626343165625 0.6811110825688073 0.6379219734375 0.6861614380733945 0.6416015625 0.6880733944954128 0.6524735541666666 0.6872740126146789 0.6617900791666667 0.6858035229357798 0.6484375 0.6687213302752294 0.6484375 0.5827121559633027
0 0.533203125 0.9181479357798165 0.52734375 0.9095470183486238 0.525390625 0.8235378440366973 0.5390625 0.8020355504587156 0.54296875 0.7805332568807339 0.541015625 0.754730504587156 0.5341796875 0.7267775229357798 0.5029296875 0.7310779816513762 0.498046875 0.7375286697247706 0.498046875 0.7891341743119266 0.5029296875 0.8127866972477065 0.5146484375 0.8213876146788991 0.51953125 0.8321387614678899 0.51953125 0.8665424311926605 0.51953125 0.9138474770642202 0.5084257697916666 0.9301150103211009 0.5218662932291667 0.9356363589449541 0.5307309479166666 0.9332770974770642 0.5413774744791666 0.9284309220183486 0.533203125 0.9181479357798165
0 0.4768432229166667 0.9332566433486239 0.46296921041666667 0.9181479357798165 0.46296921041666667 0.8794438073394495 0.46492233541666667 0.8665424311926605 0.47664108541666667 0.8450401376146789 0.48054733541666667 0.8278383027522935 0.48054733541666667 0.8063360091743119 0.48018527708333336 0.7989731720183486 0.4327567078125 0.8051400883027523 0.43367233541666667 0.8321387614678899 0.43757858541666667 0.8493405963302753 0.45222702291666667 0.8686926605504587 0.45710983541666667 0.8880447247706422 0.45710983541666667 0.9224483944954128 0.449748996875 0.935992616972477 0.4504876447916667 0.9403686548165138 0.45280908124999997 0.9432427752293578 0.46492233541666667 0.9439506880733946 0.47660051666666664 0.9386771571100917 0.4768432229166667 0.9332566433486239
1 0.224609375 0.9697534403669725 0.2216796875 0.963302752293578 0.2197265625 0.9676032110091743 0.2041015625 0.9676032110091743 0.197265625 0.9740538990825688 0.2041015625 1 0.220703125 0.9998566513761468 0.224609375 0.9955561926605505 0.224609375 0.9697534403669725
1 0.3564453125 0.950401376146789 0.3427734375 0.9547018348623854 0.337890625 0.9654529816513762 0.3408203125 0.9719036697247706 0.353515625 0.9697534403669725 0.359375 0.9611525229357798 0.3564453125 0.950401376146789
1 0.404296875 0.9525516055045872 0.4013671875 0.9461009174311926 0.3876953125 0.9461009174311926 0.3857421875 0.950401376146789 0.3798828125 0.950401376146789 0.37890625 0.9525516055045872 0.37890625 0.9568520642201835 0.3798828125 0.9590022935779816 0.3818359375 0.9590022935779816 0.3837890625 0.963302752293578 0.4013671875 0.963302752293578 0.40234375 0.9611525229357798 0.404296875 0.9568520642201835 0.404296875 0.9525516055045872
1 0.6689453125 0.9676032110091743 0.6494140625 0.9676032110091743 0.646484375 0.9740538990825688 0.6474609375 0.9805045871559633 0.6591796875 0.9848050458715596 0.6611328125 0.989105504587156 0.67578125 0.9869552752293578 0.681640625 0.9826548165137615 0.6689453125 0.9676032110091743
1 0.6298828125 0.9418004587155964 0.611328125 0.9439506880733946 0.611328125 0.9525516055045872 0.6181640625 0.963302752293578 0.62890625 0.9611525229357798 0.630859375 0.9568520642201835 0.6298828125 0.9418004587155964
1 0.603515625 0.9353497706422018 0.5986328125 0.9288990825688074 0.5751219567708333 0.9260628589449541 0.5656479098958334 0.9248520561926605 0.560513584375 0.9272736616972477 0.5586798984375 0.9303679346330276 0.5586187739583334 0.9354802155963302 0.5611859364583334 0.9381708899082569 0.5658923989583333 0.9388435573394495 0.5726770395833333 0.939112625 0.5759776765625 0.9397852924311927 0.5791015625 0.9461009174311926 0.5849609375 0.950401376146789 0.59765625 0.9482511467889908 0.603515625 0.9396502293577982 0.603515625 0.9353497706422018
1 0.45183463125 0.9561558635321101 0.4529918770833333 0.9525898818807339 0.45293401614583334 0.9478776846330276 0.451171875 0.9439506880733946 0.4462890625 0.9331995412844036 0.4345703125 0.9331995412844036 0.4333187546875 0.9341231743119267 0.4320978739583333 0.9370650550458716 0.43354442656250003 0.9464894426605505 0.43359375 0.9525516055045872 0.4345703125 0.9547018348623854 0.43869993385416667 0.9567926444954128 0.4434446260416667 0.9583209277522936 0.44975159479166665 0.9574294323394495 0.45183463125 0.9561558635321101
1 0.2587890625 1 0.259765625 0.9998566513761468 0.259810271875 0.9942031777522935 0.2590984671875 0.9905475435779817 0.2501416265625 0.9893725172018348 0.2470703125 0.989105504587156 0.2412109375 0.989105504587156 0.2388999328125 0.9962760756880734 0.2412109375 1 0.2587890625 1
0 0.46660677083333335 0.6218520642201835 0.5064036458333333 0.6218520642201835 0.5064036458333333 0.45807912844036697 0.46660677083333335 0.45807912844036697 0.46660677083333335 0.6218520642201835