0 0.47596153846153844 0.4639423076923077 0.32211538461538464 0.78125
1 0.6382211538461539 0.47716346153846156 0.3786057692307692 0.6153846153846154
1 0.13701923076923078 0.33533653846153844 0.27403846153846156 0.09134615384615384
1 0.3894230769230769 0.20793269230769232 0.12740384615384615 0.09975961538461539
1 0.359375 0.3701923076923077 0.07692307692307693 0.08533653846153846
1 0.6887019230769231 0.09495192307692307 0.12259615384615384 0.06129807692307692
1 0.6814903846153846 0.15384615384615385 0.12980769230769232 0.054086538461538464
1 0.6778846153846154 0.22355769230769232 0.13221153846153846 0.06370192307692307
1 0.6490384615384616 0.3485576923076923 0.052884615384615384 0.042067307692307696
1 0.7235576923076923 0.41586538461538464 0.056490384615384616 0.040865384615384616
1 0.6911057692307693 0.8882211538461539 0.4891826923076923 0.22355769230769232