0 0.5345614304413704 0.4835280012468575 0.3769112537407891 0.8107524908491681
1 0.37118381056121763 0.48262749084916806 0.4221349450505996 0.6489698355362713
1 0.8680070710529173 0.3835852812909355 0.26398585789416545 0.1151709764016245
1 0.629936299948585 0.23580976070336607 0.1340577472520229 0.11038615942799548
1 0.6532222240233897 0.39998482450307726 0.08328326298640412 0.09179640904499865
1 0.3344222471272878 0.09696280426588236 0.1261748601393993 0.07167278849416076
1 0.3390560189800314 0.15598295127126127 0.13326052072885922 0.06471308250491856
1 0.3402938180554699 0.2268964128097228 0.13583220404547666 0.07441241127773526
1 0.3653332192783819 0.3538958053822507 0.05608568806162522 0.04760379254401492
1 0.28829916083639556 0.41366762026570786 0.058447574924778624 0.045283890547600854
1 0.30375569991907525 0.8768734763363798 0.5043218069413616 0.24625304732724046