1 0.5704504039526366 0.36832498338897 0.8590991920947268 0.7235360236398727
0 0.4322818405031674 0.4996356948610368 0.8453329117755656 0.9992713897220736
0 0.07204713377062301 0.33271325757934844 0.12992208512934209 0.4595734848413031
0 0.11617975608371037 0.305213897220737 0.22003587528750432 0.4472645132508337
0 0.12911080292188476 0.1677572164030951 0.14274751103160457 0.211759315675082
0 0.18937714373739992 0.12816548036580494 0.11128258434846845 0.16870810022591848
0 0.5399212855297163 0.1951267989098269 0.27695795567481724 0.3902535978196538
0 0.5595408532242951 0.008900447487921348 0.066197091063975 0.017800894975842696
0 0.704122610685181 0.18199530194013727 0.29286060598574654 0.36399060388027454
0 0.7631118480989296 0.046267651124293756 0.09833908081324393 0.09253530224858751
0 0.8304624377147406 0.1810387404842075 0.24598744839140269 0.32962234153126807
0 0.8299269634125566 0.017457360028725586 0.1069693114404977 0.03491472005745117