1 0.5685096153846154 0.42427884615384615 0.7247596153846154 0.5
0 0.39783653846153844 0.5 0.5552884615384616 1
0 0.051682692307692304 0.21995192307692307 0.10336538461538461 0.43990384615384615
0 0.14543269230769232 0.21875 0.11057692307692307 0.4182692307692308
0 0.20793269230769232 0.09375 0.08653846153846154 0.18629807692307693
0 0.2764423076923077 0.07572115384615384 0.0673076923076923 0.1502403846153846
0 0.5997596153846154 0.2127403846153846 0.15144230769230768 0.4254807692307692
0 0.6754807692307693 0.042067307692307696 0.04326923076923077 0.08413461538461539
0 0.765625 0.2247596153846154 0.1622596153846154 0.4495192307692308
0 0.859375 0.12860576923076922 0.04567307692307692 0.1814903846153846
0 0.8677884615384616 0.3269230769230769 0.1622596153846154 0.28125
0 0.9375 0.10216346153846154 0.06370192307692307 0.16346153846153846
1 0.9098557692307693 0.02403846153846154 0.07692307692307693 0.04807692307692308
1 0.9050480769230769 0.078125 0.06370192307692307 0.05889423076923077