0 0.403125 0.4421875 0.43359375 0.22578125
0 0.3671875 0.72421875 0.10703125 0.2203125
0 0.41953125 0.7515625 0.06640625 0.2
0 0.47734375 0.73046875 0.0609375 0.16875
0 0.5453125 0.7421875 0.07734375 0.17265625
0 0.5984375 0.7453125 0.084375 0.178125
0 0.684375 0.75390625 0.16953125 0.21171875
0 0.7296875 0.74921875 0.1765625 0.22265625
0 0.7796875 0.740625 0.215625 0.2203125
0 0.065625 0.71171875 0.0859375 0.03125
0 0.09296875 0.69140625 0.06640625 0.03828125
0 0.9046875 0.8984375 0.08828125 0.20234375