0 0.47109375 0.36875 0.12578125 0.73671875
0 0.21015625 0.6953125 0.1359375 0.11328125
0 0.1875 0.684375 0.04296875 0.04296875
0 0.2109375 0.66640625 0.03515625 0.0328125
0 0.24921875 0.93828125 0.1109375 0.1234375
0 0.27265625 0.95625 0.06484375 0.08671875
0 0.4828125 0.8234375 0.078125 0.225
0 0.5515625 0.840625 0.08359375 0.25234375
0 0.628125 0.86484375 0.090625 0.2703125
0 0.72734375 0.8671875 0.1203125 0.265625
0 0.79140625 0.8671875 0.1078125 0.265625
0 0.85625 0.8671875 0.115625 0.265625