0 0.52890625 0.384375 0.12421875 0.73125
0 0.78515625 0.70859375 0.13359375 0.1109375
0 0.80703125 0.6984375 0.0421875 0.0421875
0 0.78359375 0.68046875 0.03515625 0.0328125
0 0.74453125 0.94375 0.109375 0.1125
0 0.7234375 0.9609375 0.06328125 0.07734375
0 0.51796875 0.83515625 0.0765625 0.22109375
0 0.44921875 0.8515625 0.08203125 0.24765625
0 0.3734375 0.871875 0.08828125 0.25625
0 0.27734375 0.87421875 0.11875 0.2515625
0 0.2125 0.87421875 0.10625 0.2515625
0 0.14765625 0.87421875 0.1125 0.2515625