0 0.39609375 0.4609375 0.428125 0.22265625
0 0.3609375 0.7390625 0.10546875 0.2171875
0 0.4125 0.765625 0.065625 0.19765625
0 0.46953125 0.7453125 0.06015625 0.16640625
0 0.53671875 0.75703125 0.0765625 0.1703125
0 0.5890625 0.759375 0.08359375 0.1765625
0 0.67421875 0.76796875 0.1671875 0.20859375
0 0.71875 0.7640625 0.17421875 0.21953125
0 0.76796875 0.7546875 0.2125 0.2171875
0 0.06328125 0.7265625 0.08515625 0.03125
0 0.08984375 0.70625 0.065625 0.03828125
0 0.89140625 0.90546875 0.0875 0.1890625