0 0.5640625 0.421875 0.47109375 0.2453125
0 0.60546875 0.728125 0.11640625 0.23984375
0 0.546875 0.7578125 0.07265625 0.21796875
0 0.484375 0.73515625 0.06640625 0.18359375
0 0.4125 0.74765625 0.08359375 0.18828125
0 0.35390625 0.75078125 0.09140625 0.19375
0 0.25859375 0.76015625 0.184375 0.2296875
0 0.21015625 0.75546875 0.1921875 0.2421875
0 0.15546875 0.7453125 0.234375 0.23984375
0 0.93125 0.71484375 0.09375 0.034375
0 0.9015625 0.6921875 0.07265625 0.0421875
0 0.03359375 0.90390625 0.06640625 0.1921875