0 0.59921875 0.44921875 0.44765625 0.23359375
0 0.63828125 0.73984375 0.11015625 0.22734375
0 0.5828125 0.76796875 0.06875 0.20703125
0 0.5234375 0.746875 0.06328125 0.17421875
0 0.45546875 0.75859375 0.0796875 0.17890625
0 0.39921875 0.76171875 0.0875 0.184375
0 0.30859375 0.7703125 0.175 0.21875
0 0.2625 0.76640625 0.1828125 0.2296875
0 0.2109375 0.75703125 0.22265625 0.22734375
0 0.9484375 0.72734375 0.0890625 0.03203125
0 0.91953125 0.70625 0.06875 0.03984375
0 0.08046875 0.9078125 0.09140625 0.184375