0 0.60390625 0.43125 0.44453125 0.23203125
0 0.6421875 0.7203125 0.109375 0.22578125
0 0.58671875 0.74765625 0.06875 0.20546875
0 0.528125 0.7265625 0.0625 0.1734375
0 0.46015625 0.7390625 0.07890625 0.17734375
0 0.4046875 0.74140625 0.08671875 0.1828125
0 0.31484375 0.75078125 0.17421875 0.2171875
0 0.26875 0.74609375 0.18125 0.22890625
0 0.21796875 0.73671875 0.22109375 0.22578125
0 0.95 0.7078125 0.08828125 0.03203125
0 0.921875 0.68671875 0.06875 0.03984375
0 0.08828125 0.89765625 0.090625 0.2046875