0 0.4546875 0.371875 0.1265625 0.74375
0 0.1921875 0.7015625 0.1375 0.11328125
0 0.16953125 0.690625 0.04296875 0.04296875
0 0.19296875 0.67265625 0.0359375 0.03359375
0 0.23125 0.9421875 0.11171875 0.115625
0 0.2546875 0.96015625 0.06484375 0.0796875
0 0.46640625 0.83046875 0.07890625 0.2265625
0 0.5359375 0.84765625 0.084375 0.25390625
0 0.6125 0.86796875 0.090625 0.2640625
0 0.71328125 0.87109375 0.121875 0.2578125
0 0.7765625 0.87109375 0.10859375 0.2578125
0 0.84296875 0.87109375 0.115625 0.2578125