0 0.51484375 0.3703125 0.1359375 0.740625
0 0.79921875 0.69609375 0.14765625 0.12265625
0 0.82421875 0.684375 0.04609375 0.04609375
0 0.796875 0.66484375 0.03828125 0.0359375
0 0.75390625 0.94609375 0.1203125 0.1078125
0 0.73046875 0.965625 0.0703125 0.06796875
0 0.50390625 0.83515625 0.08515625 0.24375
0 0.428125 0.85390625 0.090625 0.2734375
0 0.34453125 0.8671875 0.09765625 0.265625
0 0.23828125 0.86953125 0.13125 0.26015625
0 0.1671875 0.86953125 0.1171875 0.26015625
0 0.0953125 0.86953125 0.12421875 0.26015625