1 0.0263671875 0.46769456681350957 0.052734375 0.09838472834067548
1 0.05810546875 0.5609397944199707 0.1162109375 0.07929515418502203
1 0.10986328125 0.6328928046989721 0.2197265625 0.17914831130690162
1 0.28173828125 0.7723935389133627 0.236328125 0.39941262848751835
1 0.38720703125 0.3377386196769457 0.048828125 0.05286343612334802
1 0.5 0.328928046989721 0.037109375 0.023494860499265784
1 0.51806640625 0.342143906020558 0.033203125 0.039647577092511016
1 0.54541015625 0.35315712187958886 0.052734375 0.048458149779735685
1 0.59375 0.3634361233480176 0.0595703125 0.049926578560939794
1 0.65478515625 0.36637298091042586 0.0576171875 0.06901615271659324
1 0.70751953125 0.3604992657856094 0.068359375 0.055800293685756244
1 0.7587890625 0.37812041116005873 0.0595703125 0.05726872246696035
1 0.8388671875 0.394273127753304 0.0888671875 0.048458149779735685
1 0.908203125 0.40602055800293685 0.0771484375 0.07195301027900147
1 0.97509765625 0.45154185022026433 0.048828125 0.05433186490455213