1 0.41259765625 0.5494791666666666 0.1083984375 0.5729166666666666
1 0.4619140625 0.5364583333333334 0.1064453125 0.58203125
1 0.525390625 0.5123697916666666 0.115234375 0.609375
1 0.56640625 0.5071614583333334 0.1083984375 0.5885416666666666
1 0.6064453125 0.44140625 0.1162109375 0.7122395833333334
1 0.64013671875 0.396484375 0.1259765625 0.79296875
1 0.68701171875 0.3932291666666667 0.08984375 0.7786458333333334
1 0.201171875 0.4694010416666667 0.1416015625 0.35546875
1 0.400390625 0.5475260416666666 0.1220703125 0.5794270833333334
1 0.462890625 0.537109375 0.103515625 0.5807291666666666
1 0.533203125 0.5123697916666666 0.0947265625 0.6197916666666666
1 0.59814453125 0.4401041666666667 0.099609375 0.7265625
1 0.64404296875 0.3951822916666667 0.126953125 0.7903645833333334
1 0.74609375 0.4251302083333333 0.1865234375 0.7447916666666666