1 0.3859375 0.24888888888888888 0.040625 0.49777777777777776
1 0.0828125 0.25 0.040625 0.4911111111111111
1 0.325 0.2511111111111111 0.0375 0.5022222222222222
1 0.4828125 0.2511111111111111 0.046875 0.5022222222222222
1 0.1171875 0.2511111111111111 0.028125 0.5022222222222222
1 0.284375 0.2511111111111111 0.0375 0.5022222222222222
1 0.4203125 0.25333333333333335 0.040625 0.5066666666666667
1 0.146875 0.2544444444444444 0.025 0.5
1 0.60625 0.25555555555555554 0.0375 0.5111111111111111
1 0.1796875 0.25666666666666665 0.028125 0.5
1 0.5390625 0.26 0.028125 0.52
1 0.225 0.27111111111111114 0.04375 0.4711111111111111
1 0.6921875 0.2733333333333333 0.034375 0.47555555555555556
1 0.5765625 0.2777777777777778 0.028125 0.4666666666666667
1 0.659375 0.2822222222222222 0.03125 0.4711111111111111
1 0.721875 0.2833333333333333 0.04375 0.45555555555555555
1 0.7578125 0.2877777777777778 0.034375 0.44666666666666666
1 0.790625 0.2911111111111111 0.05625 0.4444444444444444
1 0.8578125 0.29333333333333333 0.065625 0.4533333333333333
1 0.91875 0.3 0.06875 0.44
1 0.9671875 0.3322222222222222 0.059375 0.3844444444444444
1 0.5125 0.7277777777777777 0.91875 0.31777777777777777