1 0.339 0.3715277777777778 0.498 0.20833333333333334
0 0.795 0.3888888888888889 0.12 0.1076388888888889
0 0.667 0.4184027777777778 0.106 0.11458333333333333
0 0.832 0.453125 0.124 0.09375
0 0.697 0.4791666666666667 0.082 0.08333333333333333
0 0.841 0.53125 0.094 0.1111111111111111
1 0.239 0.5868055555555556 0.406 0.20833333333333334
0 0.879 0.5972222222222222 0.106 0.10416666666666667
1 0.518 0.6388888888888888 0.444 0.2013888888888889
1 0.761 0.7534722222222222 0.462 0.1388888888888889
1 0.27 0.7586805555555556 0.46 0.12152777777777778
1 0.388 0.8819444444444444 0.528 0.1597222222222222
1 0.493 0.10590277777777778 0.51 0.2048611111111111
1 0.597 0.2482638888888889 0.526 0.1840277777777778