0 0.172 0.3562367864693446 0.26 0.18816067653276955
0 0.791 0.3572938689217759 0.194 0.160676532769556
0 0.51 0.3689217758985201 0.296 0.2219873150105708
0 0.171 0.5835095137420718 0.294 0.22410147991543342
0 0.518 0.5930232558139535 0.296 0.2219873150105708
0 0.795 0.6131078224101479 0.234 0.20718816067653276
0 0.328 0.8509513742071881 0.316 0.23044397463002114
0 0.697 0.8594080338266384 0.286 0.24312896405919662
0 0.507 0.13742071881606766 0.302 0.2029598308668076
0 0.807 0.1416490486257928 0.266 0.18181818181818182
0 0.195 0.1416490486257928 0.278 0.20718816067653276