0 0.093 0.3 0.082 0.15733333333333333
0 0.957 0.3413333333333333 0.082 0.16
0 0.702 0.05466666666666667 0.088 0.09866666666666667
0 0.57 0.5626666666666666 0.16 0.304
0 0.144 0.6053333333333333 0.164 0.2826666666666667
0 0.916 0.6133333333333333 0.164 0.31466666666666665
0 0.363 0.6173333333333333 0.194 0.376
0 0.738 0.6413333333333333 0.172 0.4186666666666667
0 0.922 0.08133333333333333 0.136 0.152
0 0.342 0.22133333333333333 0.12 0.2613333333333333
0 0.216 0.244 0.124 0.27466666666666667
0 0.481 0.25333333333333335 0.142 0.2613333333333333
0 0.605 0.25733333333333336 0.154 0.264