0 0.23076923076923078 0.680365296803653 0.23846153846153847 0.589041095890411
0 0.058333333333333334 0.797945205479452 0.1141025641025641 0.3858447488584475
0 0.5032051282051282 0.6461187214611872 0.23461538461538461 0.634703196347032
0 0.6647435897435897 0.7168949771689498 0.1987179487179487 0.4840182648401826
0 0.9115384615384615 0.7226027397260274 0.17435897435897435 0.3995433789954338
0 0.36666666666666664 0.2910958904109589 0.1717948717948718 0.3949771689497717
0 0.735897435897436 0.2705479452054795 0.18974358974358974 0.3401826484018265
0 0.592948717948718 0.16095890410958905 0.1935897435897436 0.317351598173516
0 0.258974358974359 0.1232876712328767 0.18717948717948718 0.2420091324200913
0 0.43974358974358974 0.0821917808219178 0.11025641025641025 0.1598173515981735
0 0.9128205128205128 0.10159817351598173 0.1282051282051282 0.19863013698630136