1 0.31298828125 0.8209635416666666 0.5712890625 0.19140625
1 0.3544921875 0.3033854166666667 0.2919921875 0.203125
1 0.380859375 0.6106770833333334 0.251953125 0.21875
1 0.72412109375 0.6158854166666666 0.2529296875 0.16015625
1 0.78271484375 0.2819010416666667 0.30859375 0.20052083333333334
1 0.8017578125 0.8854166666666666 0.306640625 0.22786458333333334
0 0.31640625 0.8268229166666666 0.5693359375 0.19921875
0 0.3564453125 0.30078125 0.30078125 0.21484375
0 0.390625 0.58984375 0.23046875 0.16927083333333334
0 0.72509765625 0.61328125 0.2529296875 0.15494791666666666
0 0.7744140625 0.2701822916666667 0.2783203125 0.1953125
0 0.802734375 0.8815104166666666 0.3134765625 0.23567708333333334