1 0.8821614583333334 0.27734375 0.23307291666666666 0.056640625
1 0.0625 0.29833984375 0.125 0.0615234375
1 0.6360677083333334 0.3037109375 0.3216145833333333 0.080078125
1 0.4153645833333333 0.31005859375 0.11979166666666667 0.0849609375
1 0.8880208333333334 0.34130859375 0.22135416666666666 0.0537109375
1 0.07356770833333333 0.35546875 0.14713541666666666 0.06640625
1 0.3053385416666667 0.38037109375 0.22005208333333334 0.0947265625
1 0.6393229166666666 0.38671875 0.3489583333333333 0.11328125
1 0.059895833333333336 0.4091796875 0.11979166666666667 0.072265625
1 0.8795572916666666 0.42236328125 0.23828125 0.0986328125
1 0.2623697916666667 0.431640625 0.19140625 0.083984375
1 0.6380208333333334 0.4765625 0.3151041666666667 0.107421875
1 0.07356770833333333 0.478515625 0.14713541666666666 0.072265625
1 0.2604166666666667 0.48583984375 0.22395833333333334 0.0986328125
1 0.8951822916666666 0.49853515625 0.20703125 0.0888671875
1 0.2565104166666667 0.53173828125 0.19010416666666666 0.0673828125
1 0.091796875 0.5400390625 0.18359375 0.072265625
1 0.662109375 0.55322265625 0.25390625 0.0712890625
1 0.865234375 0.57373046875 0.2669270833333333 0.1123046875
1 0.5970052083333334 0.5888671875 0.41015625 0.14453125
1 0.2669270833333333 0.59375 0.203125 0.08203125
1 0.09114583333333333 0.59375 0.18229166666666666 0.0703125
1 0.24088541666666666 0.6494140625 0.23958333333333334 0.083984375
1 0.08854166666666667 0.650390625 0.17708333333333334 0.072265625
1 0.650390625 0.6591796875 0.2565104166666667 0.099609375
1 0.8997395833333334 0.6728515625 0.19791666666666666 0.107421875
1 0.08333333333333333 0.69189453125 0.16666666666666666 0.0361328125
1 0.6595052083333334 0.73046875 0.23828125 0.05078125