0 0.12079497907949792 0.5550236966824645 0.1518410041841004 0.10516587677725124
0 0.2694560669456067 0.5612796208530806 0.13640167364016734 0.10767772511848347
0 0.5766108786610878 0.5650236966824644 0.1517573221757322 0.12511848341232223
0 0.7241422594142259 0.5650236966824644 0.1341004184100419 0.11516587677725124
0 0.8804602510460251 0.5675355450236966 0.1648953974895396 0.12014218009478678
0 0.42029288702928874 0.5749763033175355 0.14736401673640168 0.12014218009478678
0 0.16702928870292888 0.6860189573459715 0.2619246861924686 0.1276777251184834
0 0.8573640167364016 0.6897630331753554 0.21552301255230122 0.11018957345971564
0 0.5909205020920502 0.6972511848341233 0.14953974895397493 0.11521327014218011
0 0.41146443514644354 0.7009952606635071 0.1429707112970712 0.11767772511848333
0 0.7935146443514645 0.7471563981042655 0.20234309623430968 0.1201895734597157
0 0.20669456066945602 0.7545971563981042 0.20907949790794975 0.1251658767772513
0 0.5094560669456067 0.7571090047393365 0.1892050209205021 0.11521327014218011
0 0.7472384937238494 0.8107582938388626 0.1803347280334729 0.1276777251184834
0 0.25732217573221755 0.8219905213270142 0.19585774058577407 0.12023696682464458
0 0.46100418410041843 0.8257345971563981 0.13635983263598328 0.1177251184834122
0 0.69 0.8656398104265403 0.16271966527196646 0.11274881516587687
0 0.29694560669456066 0.8806161137440759 0.156234309623431 0.12274881516587667
0 0.48523012552301253 0.9005687203791469 0.08790794979079494 0.08279620853080555
0 0.6129288702928871 0.9155450236966824 0.1407112970711297 0.11274881516587687
0 0.3498326359832636 0.9254976303317536 0.10778242677824264 0.08781990521327028
0 0.43347280334728033 0.09725118483412322 0.13418410041841 0.10753554502369671
0 0.5763598326359832 0.0986255924170616 0.12845188284518824 0.10085308056872039
0 0.7138493723849373 0.1 0.13200836820083686 0.10085308056872039
0 0.29255230125523013 0.1009952606635071 0.13861924686192467 0.1000473933649289
0 0.8471548117154811 0.10132701421800948 0.12238493723849372 0.09540284360189574
0 0.1494560669456067 0.10473933649289101 0.12543933054393308 0.10753554502369667
0 0.43238493723849375 0.20701421800947867 0.12313807531380756 0.1075829383886256
0 0.5763598326359832 0.20748815165876777 0.130836820083682 0.09815165876777254
0 0.7162761506276151 0.2109004739336493 0.13200836820083686 0.0995260663507109
0 0.2859414225941423 0.2132701421800948 0.14740585774058573 0.1100473933649289
0 0.8609623430962343 0.21701421800947868 0.1428033472803347 0.10905213270142182
0 0.1406276150627615 0.2182464454976303 0.12543933054393308 0.10507109004739337
0 0.573347280334728 0.3251658767772512 0.11523012552301258 0.09412322274881513
0 0.13514644351464433 0.32677725118483414 0.1452301255230126 0.10758293838862558
0 0.2914644351464435 0.32924170616113746 0.1275732217573222 0.10260663507109008
0 0.7204602510460251 0.3299526066350711 0.14041841004184102 0.10090047393364925
0 0.4290794979079498 0.33175355450236965 0.13418410041841 0.10758293838862558
0 0.8711715481171548 0.3340284360189574 0.13677824267782426 0.10909952606635072
0 0.5721338912133892 0.44085308056872036 0.1176569037656904 0.1023222748815166
0 0.7198744769874478 0.4415165876777251 0.12000000000000002 0.10364928909952609
0 0.1395397489539749 0.4415165876777251 0.16284518828451883 0.10763033175355453
0 0.4301673640167364 0.44402843601895736 0.12313807531380756 0.10763033175355453
0 0.29916317991631797 0.44402843601895736 0.1165690376569038 0.10265402843601894
0 0.8783682008368201 0.4449289099526066 0.1295815899581591 0.1023222748815166