0 0.40925925925925927 0.5518817204301075 0.16322222222222219 0.17118279569892475
0 0.5758888888888889 0.5534408602150538 0.1697407407407407 0.16801075268817203
0 0.8296666666666667 0.665752688172043 0.2154074074074073 0.17752688172043016
0 0.4070740740740741 0.7195161290322581 0.15451851851851847 0.18387096774193543
0 0.5867777777777778 0.7289784946236559 0.17407407407407408 0.19021505376344083
0 0.8634444444444445 0.7748387096774194 0.2175925925925926 0.18075268817204304
0 0.5900740740740741 0.8997849462365592 0.18933333333333335 0.17129032258064522
0 0.40488888888888885 0.9061290322580645 0.14581481481481484 0.17763440860215066
0 0.8648148148148148 0.9032258064516129 0.26296296296296295 0.1827956989247312
0 0.8884814814814814 0.14381720430107528 0.18492592592592585 0.15844086021505377
0 0.3874814814814815 0.1881182795698925 0.1588888888888889 0.183763440860215
0 0.614 0.2039247311827957 0.2241851851851853 0.183763440860215
0 0.8884814814814814 0.3114516129032258 0.2110370370370371 0.20908602150537633
0 0.5791481481481482 0.3446774193548387 0.17625925925925937 0.16795698924731184
0 0.3841851851851852 0.36999999999999994 0.18722222222222215 0.18064516129032254
0 0.8187777777777777 0.5170430107526882 0.23285185185185187 0.15220430107526883