0 0.8291999999999999 0.6823214285714285 0.09379999999999995 0.10571428571428566
0 0.3439 0.7177380952380952 0.08699999999999998 0.10892857142857142
0 0.2112 0.7351190476190477 0.07179999999999997 0.09833333333333331
1 0.5845666666666667 0.7369047619047618 0.23456666666666667 0.19553571428571426
0 0.7385666666666666 0.7458928571428571 0.0776333333333334 0.08261904761904759
0 0.4402333333333333 0.7585119047619048 0.06669999999999997 0.0817261904761905
0 0.23146666666666665 0.8294642857142857 0.08870000000000001 0.12101190476190467
0 0.8559333333333332 0.8319642857142858 0.08410000000000006 0.11589285714285696
0 0.6499333333333333 0.8832738095238094 0.06876666666666666 0.08267857142857135
0 0.44826666666666665 0.8838095238095237 0.1013333333333333 0.12404761904761889
0 0.5581333333333334 0.9049404761904762 0.08779999999999992 0.10595238095238102
0 0.3282666666666667 0.91625 0.09796666666666672 0.11047619047619049
0 0.7725333333333333 0.9165476190476189 0.08736666666666659 0.1029166666666668
1 0.783 0.1025 0.3076333333333334 0.1408333333333333
1 0.2945 0.1224404761904762 0.2526 0.13392857142857142
1 0.6392333333333333 0.22083333333333335 0.2598666666666666 0.16482142857142856
1 0.8262 0.31744047619047616 0.18269999999999992 0.1753571428571429
1 0.3229333333333333 0.36023809523809525 0.3273 0.12988095238095243
1 0.7742 0.4761309523809524 0.37889999999999996 0.13345238095238088
1 0.7767333333333335 0.5832142857142857 0.35373333333333346 0.14101190476190475
1 0.39246666666666663 0.5854761904761905 0.3730666666666666 0.17005952380952377