1 0.6430288461538461 0.31009615384615385 0.3004807692307692 0.1875
1 0.10336538461538461 0.3173076923076923 0.20673076923076922 0.14423076923076922
0 0.2860576923076923 0.4723557692307692 0.10096153846153846 0.06009615384615385
0 0.8557692307692307 0.4795673076923077 0.09134615384615384 0.06971153846153846
0 0.6490384615384616 0.4807692307692308 0.10576923076923077 0.07211538461538461
0 0.04927884615384615 0.4855769230769231 0.09375 0.08173076923076923
0 0.9627403846153846 0.4855769230769231 0.06971153846153846 0.0673076923076923
0 0.16706730769230768 0.48677884615384615 0.0985576923076923 0.06971153846153846
0 0.9675480769230769 0.5456730769230769 0.06009615384615385 0.0673076923076923
0 0.8762019230769231 0.5504807692307693 0.08413461538461539 0.07211538461538461
0 0.042067307692307696 0.5564903846153846 0.08413461538461539 0.06971153846153846
0 0.6706730769230769 0.5564903846153846 0.09134615384615384 0.07451923076923077
0 0.15745192307692307 0.5612980769230769 0.10336538461538461 0.06971153846153846
1 0.5072115384615384 0.7644230769230769 0.7355769230769231 0.4375
1 0.5997596153846154 0.10216346153846154 0.37740384615384615 0.18990384615384615
0 0.18990384615384615 0.13341346153846154 0.21153846153846154 0.21875