1 0.6826923076923077 0.39663461538461536 0.4014423076923077 0.08653846153846154
1 0.3701923076923077 0.49038461538461536 0.6899038461538461 0.10336538461538461
1 0.35336538461538464 0.625 0.5336538461538461 0.13701923076923078
1 0.3786057692307692 0.7740384615384616 0.6971153846153846 0.11538461538461539
1 0.48197115384615385 0.890625 0.9134615384615384 0.10336538461538461
0 0.17307692307692307 0.13341346153846154 0.21153846153846154 0.11057692307692307
0 0.8197115384615384 0.14302884615384615 0.1778846153846154 0.09134615384615384
0 0.40865384615384615 0.14302884615384615 0.19951923076923078 0.11538461538461539
0 0.5733173076923077 0.18389423076923078 0.18269230769230768 0.10817307692307693
0 0.6670673076923077 0.24519230769230768 0.15865384615384615 0.09134615384615384
1 0.3125 0.3485576923076923 0.5649038461538461 0.11057692307692307