0 0.2526254826254827 0.5443298969072164 0.19749034749034752 0.1106701030927835
0 0.7838996138996139 0.6462371134020619 0.2120849420849421 0.15000000000000005
0 0.5784942084942085 0.6676804123711341 0.21123552123552122 0.153659793814433
0 0.4874903474903475 0.740721649484536 0.22779922779922773 0.14510309278350503
0 0.8262162162162162 0.7984020618556701 0.17899613899613906 0.1500000000000001
0 0.276988416988417 0.8358762886597938 0.21127413127413128 0.13654639175257738
0 0.5293050193050193 0.8935567010309278 0.21949806949806952 0.15128865979381456
0 0.49849420849420856 0.11530927835051547 0.16343629343629337 0.136340206185567
0 0.27972972972972976 0.11963917525773196 0.1524710424710425 0.12283505154639174
0 0.6616602316602317 0.1429381443298969 0.17351351351351352 0.1252577319587629
0 0.8634362934362935 0.157680412371134 0.16150579150579145 0.12283505154639172
0 0.3445559845559845 0.19572164948453608 0.1478378378378378 0.12041237113402062
0 0.521042471042471 0.2656701030927835 0.1661776061776062 0.11304123711340203
0 0.8597297297297297 0.30927835051546393 0.15969111969111974 0.12654639175257734
0 0.24297297297297296 0.30927835051546393 0.13776061776061774 0.10690721649484537
0 0.362007722007722 0.3289175257731959 0.14969111969111973 0.11917525773195879
0 0.7007335907335908 0.3411855670103093 0.17625482625482616 0.14128865979381441
0 0.504015444015444 0.39948453608247425 0.20571428571428577 0.12288659793814435
0 0.23610038610038608 0.4467525773195876 0.16073359073359078 0.1265979381443299
0 0.6956756756756757 0.48355670103092785 0.18084942084942096 0.14381443298969074
0 0.8707722007722007 0.5013917525773196 0.16150579150579145 0.1401030927835052