1 0.7637931034482759 0.5977011494252874 0.24482758620689654 0.11494252873563218
1 0.32068965517241377 0.5977011494252874 0.16551724137931034 0.16091954022988506
1 0.9344827586206896 0.6091954022988506 0.12413793103448276 0.13793103448275862
1 0.19310344827586207 0.7068965517241379 0.3310344827586207 0.14942528735632185
1 0.5482758620689655 0.14655172413793102 0.4 0.15517241379310345
1 0.23103448275862068 0.16954022988505746 0.2689655172413793 0.15517241379310345
1 0.8982758620689655 0.1925287356321839 0.19655172413793104 0.16666666666666666
1 0.7620689655172413 0.29310344827586204 0.18620689655172415 0.12643678160919541
1 0.22758620689655173 0.32471264367816094 0.27586206896551724 0.1206896551724138
1 0.9482758620689655 0.3333333333333333 0.09655172413793103 0.13793103448275862
0 0.32413793103448274 0.4396551724137931 0.08275862068965517 0.09770114942528736
1 0.49482758620689654 0.4454022988505747 0.23793103448275862 0.1206896551724138
1 0.7810344827586206 0.46264367816091956 0.2793103448275862 0.16666666666666666
1 0.2206896551724138 0.5086206896551724 0.10344827586206896 0.1781609195402299