0 0.5429818181818181 0.5593442622950819 0.1516727272727272 0.13229508196721315
0 0.37614545454545456 0.5770491803278688 0.16454545454545455 0.13551912568306018
0 0.21145454545454548 0.6059562841530055 0.16887272727272729 0.14196721311475405
0 0.6948363636363637 0.6767213114754098 0.14309090909090919 0.16125683060109286
0 0.5504727272727272 0.6927868852459016 0.14098181818181812 0.12267759562841524
1 0.4290909090909091 0.8524590163934426 0.6327272727272727 0.28415300546448086
0 0.3932727272727273 0.3359016393442623 0.10894545454545457 0.10333333333333332
0 0.6381454545454546 0.34234972677595626 0.10676363636363641 0.07759562841530056
0 0.5397818181818181 0.3439344262295082 0.11530909090909083 0.10650273224043717
0 0.2766909090909091 0.3455737704918033 0.11538181818181817 0.10333333333333336
0 0.3900363636363637 0.43879781420765024 0.1324727272727273 0.12262295081967212
0 0.24781818181818183 0.46934426229508197 0.15174545454545452 0.13229508196721315
0 0.6788 0.5416939890710383 0.12385454545454547 0.11622950819672137