0 0.6962773722627738 0.06869565217391305 0.10711678832116797 0.11543478260869562
0 0.5471167883211678 0.07831521739130434 0.10072992700729935 0.12184782608695653
0 0.22295620437956207 0.08146739130434784 0.10937956204379562 0.09630434782608695
0 0.383978102189781 0.08467391304347825 0.11791970802919709 0.12184782608695653
0 0.7016423357664233 0.18543478260869564 0.10927007299270072 0.1251086956521739
0 0.5567518248175183 0.2014130434782609 0.1071532846715329 0.11869565217391306
0 0.383978102189781 0.20619565217391303 0.1265328467153284 0.12190217391304349
0 0.21974452554744522 0.20619565217391303 0.12010948905109485 0.12831521739130433
0 0.707007299270073 0.32130434782608697 0.11142335766423368 0.13472826086956524
0 0.5653649635036496 0.33407608695652175 0.12434306569343063 0.1347282608695652
0 0.3860948905109489 0.33891304347826084 0.1136496350364964 0.1507065217391304
0 0.2208029197080292 0.3532608695652174 0.12226277372262774 0.14114130434782607
0 0.6544160583941606 0.49874999999999997 0.11357664233576643 0.1315760869565218
0 0.37215328467153286 0.5051630434782609 0.12007299270072995 0.14434782608695654
0 0.5235036496350365 0.5083695652173913 0.12649635036496343 0.1379891304347827