0 0.3322909090909091 0.6574316939890711 0.12392727272727266 0.12912568306010927
0 0.23392727272727273 0.6718579234972677 0.08545454545454545 0.151639344262295
0 0.6071272727272727 0.6767213114754098 0.12170909090909081 0.14841530054644814
0 0.4317454545454545 0.6783060109289617 0.09610909090909088 0.14519125683060105
0 0.7322545454545455 0.6879234972677595 0.08534545454545464 0.11950819672131142
0 0.24352727272727273 0.8053005464480875 0.13465454545454547 0.21273224043715852
0 0.16225454545454546 0.8085245901639345 0.10472727272727271 0.19344262295081954
0 0.5205090909090908 0.8245901639344263 0.09392727272727266 0.23202185792349717
0 0.43174545454545454 0.8326229508196722 0.10894545454545457 0.24169398907103834
0 0.8637818181818182 0.8406557377049181 0.16872727272727275 0.22562841530054656
0 0.7525818181818182 0.8454644808743169 0.1259636363636363 0.2224043715846994
0 0.6402909090909091 0.8519125683060109 0.10676363636363641 0.22885245901639342
0 0.3708 0.4532786885245902 0.10680000000000002 0.16442622950819674
0 0.23392727272727273 0.4548633879781421 0.12396363636363637 0.1740983606557376
0 0.905490909090909 0.4580874316939891 0.1451999999999999 0.14191256830601093
0 0.5964363636363637 0.4645355191256831 0.11316363636363638 0.18693989071038256
0 0.7055272727272728 0.4709289617486339 0.1174181818181819 0.16120218579234974
0 0.4884363636363636 0.4757923497267759 0.11105454545454548 0.19016393442622956