0 0.89440625 0.7448101265822785 0.20390625 0.31297468354430374
0 0.70903125 0.7680379746835443 0.14978125000000003 0.23278481012658236
0 0.53925 0.7722151898734176 0.15190625000000005 0.24126582278481007
0 0.55175 0.1518987341772152 0.14356249999999998 0.20734177215189867
0 0.38406250000000003 0.16246835443037977 0.1581875 0.2621518987341772
0 0.893375 0.16246835443037977 0.14349999999999988 0.21151898734177216
0 0.7256875 0.16455696202531644 0.13728125000000002 0.24107594936708862
0 0.56425 0.38398734177215194 0.13940625000000004 0.21582278481012654
0 0.72984375 0.4114556962025317 0.13312500000000008 0.2031645569620253
0 0.3715625 0.4219620253164557 0.16653125000000002 0.2749367088607595
0 0.899625 0.4219620253164557 0.14765625 0.24962025316455694