0 0.8558620689655172 0.6358045977011494 0.1642413793103448 0.17367816091954022
0 0.15462068965517242 0.6439080459770116 0.1466551724137931 0.1462068965517241
0 0.6149310344827587 0.8907471264367817 0.12772413793103454 0.1462643678160919
0 0.3935172413793104 0.8952298850574714 0.11565517241379313 0.12385057471264374
0 0.15689655172413794 0.9137931034482759 0.16206896551724137 0.16091954022988506
0 0.8603448275862069 0.9205747126436782 0.12186206896551735 0.1266666666666668
0 0.6092758620689656 0.11339080459770118 0.1412068965517241 0.1521264367816092
0 0.3928620689655173 0.11551724137931035 0.11968965517241377 0.13931034482758617
0 0.16537931034482758 0.11660919540229885 0.12244827586206898 0.1370689655172414
0 0.15193103448275863 0.35109195402298854 0.13320689655172413 0.14390804597701146
0 0.8475172413793104 0.35637931034482756 0.1604137931034483 0.16287356321839078