0 0.7911196911196912 0.705979381443299 0.13918918918918924 0.2067010309278351
0 0.9155212355212355 0.705979381443299 0.11772200772200776 0.2124226804123711
0 0.6956756756756757 0.7203092783505155 0.11988416988416993 0.2124226804123711
0 0.8855212355212355 0.19474226804123712 0.15633204633204636 0.22659793814432994
0 0.7761389961389962 0.19757731958762886 0.14347490347490358 0.22087628865979378
0 0.6710424710424711 0.21335051546391753 0.12633204633204645 0.21226804123711343
0 0.4576061776061776 0.22051546391752577 0.1285328185328185 0.22087628865979378
0 0.33965250965250965 0.22051546391752577 0.14571428571428574 0.23809278350515461
0 0.5713127413127413 0.22768041237113404 0.11563706563706559 0.18365979381443295
0 0.25281853281853284 0.23484536082474228 0.12644787644787644 0.20371134020618561
0 0.15305019305019305 0.24484536082474226 0.12003861003861005 0.20082474226804128
0 0.7707722007722008 0.449639175257732 0.1413513513513514 0.226701030927835
0 0.8801544401544402 0.4553608247422681 0.14559845559845552 0.226701030927835
0 0.6571042471042471 0.4582474226804124 0.13277992277992273 0.20948453608247417