0 0.7918394648829431 0.7032142857142857 0.2275919732441471 0.21267857142857136
0 0.2651505016722408 0.7125 0.22772575250836122 0.1792261904761904
0 0.5796989966555184 0.7255357142857142 0.21301003344481603 0.2201785714285714
0 0.4846153846153846 0.8166666666666667 0.24020066889632105 0.2089880952380953
0 0.827391304347826 0.8910714285714285 0.17324414715719058 0.19416666666666668
0 0.27979933110367894 0.9230357142857143 0.21518394648829434 0.15386904761904777
0 0.5201672240802676 0.18785714285714283 0.16913043478260867 0.17160714285714282
0 0.8639799331103678 0.25113095238095234 0.16277591973244143 0.17910714285714288
0 0.36759197324414716 0.2716071428571429 0.1524414715719063 0.16047619047619044
0 0.6957190635451506 0.29017857142857145 0.17745819397993312 0.1902380952380953
0 0.5086622073578595 0.3664880952380952 0.21304347826086953 0.17166666666666663
0 0.23381270903010032 0.4241666666666667 0.16501672240802676 0.17541666666666667
0 0.7019732441471571 0.4911309523809524 0.19 0.21261904761904762
0 0.8702341137123746 0.5041666666666667 0.1669565217391304 0.20148809523809522
0 0.5316387959866221 0.5245833333333333 0.20046822742474915 0.18285714285714286