0 0.07333333333333333 0.48444444444444446 0.14666666666666667 0.11555555555555555
0 0.2733333333333333 0.48444444444444446 0.19111111111111112 0.11555555555555555
0 0.45111111111111113 0.4888888888888889 0.15555555555555556 0.09777777777777778
0 0.6222222222222222 0.5022222222222222 0.1688888888888889 0.11555555555555555
0 0.8022222222222222 0.52 0.19111111111111112 0.10666666666666667
0 0.24222222222222223 0.6111111111111112 0.2 0.1288888888888889
0 0.44 0.62 0.17777777777777778 0.1288888888888889
0 0.6222222222222222 0.6444444444444445 0.19555555555555557 0.13333333333333333
0 0.8244444444444444 0.66 0.19111111111111112 0.12
0 0.19111111111111112 0.76 0.20444444444444446 0.16
0 0.4066666666666667 0.7866666666666666 0.2088888888888889 0.1511111111111111
0 0.6222222222222222 0.8044444444444444 0.20444444444444446 0.1511111111111111
0 0.8533333333333334 0.8288888888888889 0.2311111111111111 0.15555555555555556
0 0.10888888888888888 0.2288888888888889 0.15555555555555556 0.06666666666666667
0 0.44 0.23555555555555555 0.14222222222222222 0.08
0 0.6266666666666667 0.24222222222222223 0.16 0.09333333333333334
0 0.28444444444444444 0.24444444444444444 0.1688888888888889 0.08
0 0.7866666666666666 0.24888888888888888 0.16 0.09777777777777778
0 0.1 0.30444444444444446 0.15555555555555556 0.08444444444444445
0 0.4444444444444444 0.3111111111111111 0.16 0.08888888888888889
0 0.2777777777777778 0.3111111111111111 0.16444444444444445 0.08
0 0.6333333333333333 0.32 0.16444444444444445 0.08888888888888889
0 0.7911111111111111 0.33111111111111113 0.1511111111111111 0.09333333333333334
0 0.4488888888888889 0.38666666666666666 0.1511111111111111 0.09777777777777778
0 0.08222222222222222 0.3888888888888889 0.16444444444444445 0.10222222222222223
0 0.2688888888888889 0.39111111111111113 0.14666666666666667 0.08888888888888889
0 0.6311111111111111 0.39555555555555555 0.16 0.09777777777777778
0 0.8111111111111111 0.42 0.17333333333333334 0.1111111111111111