0 0.25121951219512195 0.5508130081300813 0.3073170731707317 0.13414634146341464
0 0.8317073170731707 0.5589430894308943 0.2780487804878049 0.15853658536585366
0 0.6634146341463415 0.717479674796748 0.25365853658536586 0.15040650406504066
0 0.29024390243902437 0.725609756097561 0.2975609756097561 0.15853658536585366
0 0.22439024390243903 0.8861788617886179 0.23414634146341465 0.13821138211382114
0 0.8292682926829268 0.8922764227642277 0.24390243902439024 0.12601626016260162
0 0.5146341463414634 0.09146341463414634 0.28780487804878047 0.15853658536585366
0 0.1878048780487805 0.16869918699186992 0.3073170731707317 0.18292682926829268
0 0.8170731707317073 0.1991869918699187 0.28780487804878047 0.14634146341463414
0 0.4951219512195122 0.2540650406504065 0.22926829268292684 0.14227642276422764
0 0.802439024390244 0.3699186991869919 0.35609756097560974 0.12195121951219512
0 0.23902439024390243 0.40040650406504064 0.33170731707317075 0.16666666666666666