0 0.5109090909090909 0.5573770491803278 0.28 0.22950819672131148
0 0.8054545454545454 0.5819672131147541 0.2581818181818182 0.22404371584699453
0 0.19454545454545455 0.76775956284153 0.24363636363636362 0.23497267759562843
0 0.5163636363636364 0.7896174863387978 0.26181818181818184 0.23497267759562843
0 0.8218181818181818 0.8060109289617486 0.21818181818181817 0.22404371584699453
0 0.5181818181818182 0.14754098360655737 0.21454545454545454 0.20765027322404372
0 0.2381818181818182 0.14754098360655737 0.3090909090909091 0.20765027322404372
0 0.7836363636363637 0.17486338797814208 0.2727272727272727 0.2185792349726776
0 0.22 0.3442622950819672 0.28 0.24043715846994534
0 0.5163636363636364 0.35792349726775957 0.23272727272727273 0.20218579234972678
0 0.8 0.37158469945355194 0.27636363636363637 0.2185792349726776
0 0.19090909090909092 0.5355191256830601 0.28 0.24043715846994534