1 0.26806640625 0.26938569989929506 0.5361328125 0.5387713997985901
1 0.646484375 0.364551863041289 0.28125 0.270392749244713
1 0.8623046875 0.33031218529707956 0.275390625 0.33031218529707956
1 0.61669921875 0.17774420946626385 0.2470703125 0.24773413897280966
1 0.853515625 0.0891238670694864 0.21484375 0.1782477341389728
1 0.4189453125 0.9083585095669687 0.19140625 0.18328298086606243
1 0.40087890625 0.5397784491440081 0.203857421875 0.11732124874118832
1 0.26025390625 0.7487411883182276 0.4814453125 0.5025176233635448
1 0.8115234375 0.8887210473313192 0.161865234375 0.19939577039274925
1 0.716796875 0.9229607250755287 0.138671875 0.1540785498489426
1 0.65771484375 0.9214501510574018 0.1279296875 0.15709969788519637
1 0.7841796875 0.8126888217522659 0.095458984375 0.10725075528700906
1 0.71533203125 0.8534743202416919 0.0849609375 0.08962739174219536
1 0.6220703125 0.8403826787512588 0.12109375 0.0986908358509567
1 0.5625 0.959718026183283 0.099609375 0.08056394763343404