1 0.2626953125 0.2633434038267875 0.525390625 0.526686807653575
1 0.646484375 0.364551863041289 0.289306640625 0.2814702920443102
1 0.8671875 0.3298086606243706 0.265625 0.3152064451158107
1 0.61669921875 0.17774420946626385 0.240966796875 0.2406847935548842
1 0.853515625 0.09164149043303121 0.220703125 0.18328298086606243
1 0.41943359375 0.9118831822759316 0.1787109375 0.17623363544813697
1 0.40087890625 0.5397784491440081 0.203857421875 0.11505538771399798
1 0.2744140625 0.7245720040281974 0.548828125 0.5508559919436052
1 0.8115234375 0.8887210473313192 0.13916015625 0.19410876132930513
1 0.716796875 0.9219536757301108 0.14453125 0.15609264853977844
1 0.6572265625 0.9209466263846928 0.125 0.1581067472306143
1 0.7841796875 0.8126888217522659 0.1015625 0.11253776435045318
1 0.71533203125 0.8534743202416919 0.100830078125 0.10574018126888217
1 0.6220703125 0.8403826787512588 0.11572265625 0.07955689828801611
1 0.56298828125 0.9582074521651561 0.1025390625 0.08358509566968782