1 0.26513671875 0.2663645518630413 0.5302734375 0.5327291037260826
1 0.646484375 0.364551863041289 0.29345703125 0.2865055387713998
1 0.86572265625 0.3298086606243706 0.2685546875 0.3192346424974824
1 0.61669921875 0.17774420946626385 0.240966796875 0.2406847935548842
1 0.853515625 0.09164149043303121 0.220703125 0.18328298086606243
1 0.4189453125 0.9083585095669687 0.19140625 0.18328298086606243
1 0.40087890625 0.5397784491440081 0.203125 0.10850956696878147
1 0.26025390625 0.7487411883182276 0.4814453125 0.5025176233635448
1 0.8115234375 0.8887210473313192 0.144287109375 0.19612286002014098
1 0.716796875 0.9199395770392749 0.158203125 0.16012084592145015
1 0.65771484375 0.9219536757301108 0.109375 0.15433031218529708
1 0.7841796875 0.8126888217522659 0.10302734375 0.11253776435045318
1 0.71533203125 0.8534743202416919 0.100341796875 0.10473313192346426
1 0.6220703125 0.8403826787512588 0.121337890625 0.09768378650553877
1 0.5625 0.9566968781470292 0.10546875 0.0866062437059416