1 0.26904296875 0.270392749244713 0.5380859375 0.540785498489426
1 0.646484375 0.364551863041289 0.288818359375 0.2799597180261833
1 0.859375 0.3298086606243706 0.28125 0.337361530715005
1 0.61669921875 0.17774420946626385 0.264404296875 0.26661631419939574
1 0.853515625 0.0931520644511581 0.224609375 0.1863041289023162
1 0.4189453125 0.9098690835850957 0.185546875 0.18026183282980865
1 0.40087890625 0.5397784491440081 0.203857421875 0.11329305135951662
1 0.2744140625 0.7245720040281974 0.548828125 0.5508559919436052
1 0.8115234375 0.8887210473313192 0.15380859375 0.19939577039274925
1 0.716796875 0.9249748237663645 0.12890625 0.1500503524672709
1 0.65771484375 0.9219536757301108 0.09375 0.14577039274924472
1 0.7841796875 0.8126888217522659 0.101806640625 0.11253776435045318
1 0.71533203125 0.8534743202416919 0.098388671875 0.1027190332326284
1 0.6220703125 0.8403826787512588 0.117431640625 0.08257804632426989
1 0.5625 0.9577039274924471 0.103515625 0.08459214501510574