1 0.26806640625 0.26938569989929506 0.5361328125 0.5387713997985901
1 0.646484375 0.364551863041289 0.27783203125 0.2676233635448137
1 0.86083984375 0.3298086606243706 0.2783203125 0.33534743202416917
1 0.61669921875 0.17774420946626385 0.2373046875 0.23690835850956696
1 0.85400390625 0.09264853977844914 0.2236328125 0.18529707955689828
1 0.41943359375 0.9098690835850957 0.1865234375 0.18026183282980865
1 0.40087890625 0.5397784491440081 0.19921875 0.13343403826787512
1 0.2744140625 0.7245720040281974 0.548828125 0.5508559919436052
1 0.8115234375 0.8887210473313192 0.130615234375 0.18856998992950655
1 0.716796875 0.9214501510574018 0.146484375 0.15709969788519637
1 0.6572265625 0.9214501510574018 0.12890625 0.15709969788519637
1 0.7841796875 0.8126888217522659 0.0859375 0.09919436052366566
1 0.71533203125 0.8534743202416919 0.100341796875 0.10473313192346426
1 0.6220703125 0.8403826787512588 0.11572265625 0.07955689828801611
1 0.56298828125 0.9587109768378651 0.1025390625 0.08257804632426989