1 0.26904296875 0.27089627391742194 0.5380859375 0.5417925478348439
1 0.646484375 0.364551863041289 0.277099609375 0.26586102719033233
1 0.8623046875 0.3298086606243706 0.275390625 0.33131923464249746
1 0.61669921875 0.17774420946626385 0.268310546875 0.27089627391742194
1 0.853515625 0.09164149043303121 0.220703125 0.18328298086606243
1 0.4189453125 0.9159113796576033 0.162109375 0.16817724068479356
1 0.40087890625 0.5397784491440081 0.199951171875 0.09063444108761329
1 0.263671875 0.7351460221550856 0.52734375 0.5297079556898288
1 0.8115234375 0.8887210473313192 0.163818359375 0.19813695871097683
1 0.71728515625 0.9254783484390735 0.126953125 0.14753272910372608
1 0.65771484375 0.9219536757301108 0.096923828125 0.14803625377643503
1 0.7841796875 0.8126888217522659 0.097900390625 0.11052366565961733
1 0.71533203125 0.8534743202416919 0.0908203125 0.09566968781470292
1 0.6220703125 0.8403826787512588 0.12109375 0.09365558912386707
1 0.5625 0.9566968781470292 0.10546875 0.0866062437059416