1 0.2671232876712329 0.248 0.47328767123287674 0.393
1 0.7493150684931507 0.223 0.4849315068493151 0.446
1 0.13972602739726028 0.941 0.27945205479452057 0.118
1 0.39863013698630134 0.916 0.2493150684931507 0.168
1 0.3904109589041096 0.753 0.2602739726027397 0.214
1 0.136986301369863 0.781 0.273972602739726 0.234
1 0.10821917808219178 0.609 0.21643835616438356 0.194
1 0.10821917808219178 0.515 0.21643835616438356 0.11
1 0.37397260273972605 0.587 0.29041095890410956 0.212
1 0.35342465753424657 0.495 0.31095890410958904 0.0785
1 0.6863013698630137 0.7 0.39794520547945206 0.343