1 0.2671232876712329 0.248 0.4821917808219178 0.399
1 0.7493150684931507 0.223 0.4849315068493151 0.446
1 0.13972602739726028 0.941 0.27945205479452057 0.118
1 0.4 0.916 0.2465753424657534 0.168
1 0.3904109589041096 0.753 0.29315068493150687 0.2295
1 0.1410958904109589 0.782 0.2821917808219178 0.244
1 0.10821917808219178 0.609 0.21643835616438356 0.194
1 0.10684931506849316 0.515 0.2136986301369863 0.106
1 0.37397260273972605 0.587 0.3102739726027397 0.2265
1 0.35342465753424657 0.495 0.3061643835616438 0.096
1 0.6863013698630137 0.7 0.31438356164383563 0.3205