1 0.2671232876712329 0.248 0.4136986301369863 0.3635
1 0.7410958904109589 0.23 0.5178082191780822 0.46
1 0.1410958904109589 0.932 0.2821917808219178 0.136
1 0.39863013698630134 0.919 0.2328767123287671 0.162
1 0.3904109589041096 0.753 0.27945205479452057 0.2255
1 0.13150684931506848 0.781 0.26301369863013696 0.222
1 0.10821917808219178 0.609 0.21643835616438356 0.194
1 0.10821917808219178 0.515 0.21643835616438356 0.13
1 0.37397260273972605 0.587 0.3198630136986301 0.2335
1 0.35342465753424657 0.495 0.30684931506849317 0.0505
1 0.6863013698630137 0.7 0.2958904109589041 0.312