1 0.2671232876712329 0.248 0.47328767123287674 0.393
1 0.7424657534246575 0.229 0.5150684931506849 0.458
1 0.1410958904109589 0.931 0.2821917808219178 0.138
1 0.4 0.915 0.25205479452054796 0.17
1 0.3904109589041096 0.753 0.23904109589041095 0.202
1 0.14657534246575343 0.781 0.29315068493150687 0.25
1 0.1095890410958904 0.609 0.2191780821917808 0.198
1 0.10684931506849316 0.515 0.2136986301369863 0.102
1 0.37397260273972605 0.587 0.3089041095890411 0.2255
1 0.35342465753424657 0.495 0.31095890410958904 0.0825
1 0.6863013698630137 0.7 0.3780821917808219 0.3435