1 0.2671232876712329 0.248 0.4876712328767123 0.4
1 0.7342465753424657 0.233 0.5315068493150685 0.466
1 0.14246575342465753 0.934 0.28493150684931506 0.132
1 0.4 0.921 0.22465753424657534 0.158
1 0.3904109589041096 0.753 0.23904109589041095 0.202
1 0.13835616438356163 0.781 0.27671232876712326 0.238
1 0.1095890410958904 0.61 0.2191780821917808 0.196
1 0.10821917808219178 0.515 0.21643835616438356 0.114
1 0.37397260273972605 0.587 0.31575342465753425 0.2305
1 0.35342465753424657 0.495 0.31095890410958904 0.0655
1 0.6863013698630137 0.7 0.3910958904109589 0.344