1 0.2671232876712329 0.248 0.40273972602739727 0.356
1 0.7205479452054795 0.238 0.5589041095890411 0.476
1 0.1410958904109589 0.938 0.2821917808219178 0.124
1 0.4 0.919 0.2356164383561644 0.162
1 0.3904109589041096 0.753 0.29315068493150687 0.2295
1 0.14520547945205478 0.781 0.29041095890410956 0.25
1 0.1095890410958904 0.61 0.2191780821917808 0.196
1 0.10821917808219178 0.516 0.21643835616438356 0.132
1 0.37397260273972605 0.587 0.29863013698630136 0.218
1 0.35342465753424657 0.495 0.30684931506849317 0.0505
1 0.6863013698630137 0.7 0.32054794520547947 0.324