1 0.3223684210526316 0.213 0.6324013157894737 0.1695
1 0.8207236842105263 0.216 0.35855263157894735 0.356
1 0.18585526315789475 0.911 0.17763157894736842 0.122
1 0.4786184210526316 0.911 0.23355263157894737 0.178
1 0.18421052631578946 0.786 0.20065789473684212 0.1285
1 0.43914473684210525 0.785 0.26644736842105265 0.162
1 0.43585526315789475 0.666 0.2393092105263158 0.1235
1 0.17351973684210525 0.662 0.24177631578947367 0.1235
1 0.17105263157894737 0.557 0.203125 0.1615
1 0.18996710526315788 0.477 0.21833881578947367 0.1255
1 0.42598684210526316 0.565 0.23026315789473684 0.158
1 0.4185855263157895 0.473 0.22532894736842105 0.1655
1 0.6776315789473685 0.897 0.09580592105263158 0.204