1 0.3223684210526316 0.213 0.6307565789473685 0.3055
1 0.8133223684210527 0.215 0.37335526315789475 0.43
1 0.18585526315789475 0.911 0.17393092105263158 0.092
1 0.4786184210526316 0.919 0.24095394736842105 0.1465
1 0.18421052631578946 0.786 0.19407894736842105 0.107
1 0.43914473684210525 0.785 0.2602796052631579 0.192
1 0.43585526315789475 0.666 0.24095394736842105 0.1445
1 0.17351973684210525 0.662 0.24876644736842105 0.168
1 0.17105263157894737 0.557 0.203125 0.1615
1 0.18996710526315788 0.477 0.21833881578947367 0.1335
1 0.42598684210526316 0.565 0.23026315789473684 0.1585
1 0.4185855263157895 0.473 0.22820723684210525 0.1615
1 0.6776315789473685 0.897 0.0649671052631579 0.2055