1 0.3223684210526316 0.213 0.6151315789473685 0.352
1 0.8182565789473685 0.216 0.36348684210526316 0.372
1 0.18585526315789475 0.911 0.17722039473684212 0.1255
1 0.4777960526315789 0.916 0.24177631578947367 0.168
1 0.18421052631578946 0.786 0.203125 0.1395
1 0.43914473684210525 0.785 0.2598684210526316 0.1145
1 0.43585526315789475 0.666 0.24013157894736842 0.165
1 0.17351973684210525 0.662 0.24835526315789475 0.172
1 0.17105263157894737 0.557 0.20353618421052633 0.16
1 0.18996710526315788 0.477 0.21833881578947367 0.1425
1 0.42598684210526316 0.565 0.22985197368421054 0.1615
1 0.4185855263157895 0.473 0.23355263157894737 0.132
1 0.6776315789473685 0.897 0.1015625 0.2