1 0.21875 0.21248741188318226 0.4375 0.42497482376636453
1 0.59521484375 0.3902316213494461 0.1552734375 0.08534743202416918
1 0.84716796875 0.3987915407854985 0.2119140625 0.1268882175226586
1 0.5966796875 0.2945619335347432 0.177978515625 0.1216012084592145
1 0.81591796875 0.29556898288016115 0.2294921875 0.14375629405840887
1 0.81640625 0.20443101711983888 0.208740234375 0.1407351460221551
1 0.58984375 0.19939577039274925 0.210693359375 0.09441087613293052
1 0.58984375 0.11883182275931521 0.18359375 0.08685800604229607
1 0.60791015625 0.059415911379657606 0.1865234375 0.11883182275931521
1 0.810546875 0.12739174219536759 0.20263671875 0.12814702920443102
1 0.80517578125 0.05639476334340383 0.202392578125 0.08887210473313192
1 0.09716796875 0.8136958710976838 0.1943359375 0.19939577039274925
1 0.2431640625 0.7009063444108762 0.486328125 0.5720040281973817
1 0.7138671875 0.729607250755287 0.572265625 0.5287009063444109