1 0.22900390625 0.2255790533736153 0.4580078125 0.4511581067472306
1 0.59521484375 0.3902316213494461 0.15234375 0.07351460221550855
1 0.84716796875 0.3987915407854985 0.210205078125 0.10699899295065458
1 0.5966796875 0.2945619335347432 0.177978515625 0.12084592145015106
1 0.81591796875 0.29556898288016115 0.2275390625 0.09743202416918428
1 0.81640625 0.20443101711983888 0.208740234375 0.1407351460221551
1 0.58984375 0.19939577039274925 0.213134765625 0.10297079556898288
1 0.58984375 0.11883182275931521 0.18359375 0.08685800604229607
1 0.6083984375 0.057905337361530716 0.191650390625 0.10347432024169184
1 0.810546875 0.12739174219536759 0.203125 0.12386706948640483
1 0.8046875 0.05840886203423968 0.19921875 0.11681772406847936
1 0.099609375 0.8136958710976838 0.19921875 0.21148036253776434
1 0.234375 0.7009063444108762 0.46875 0.5417925478348439
1 0.712890625 0.729103726082578 0.57421875 0.5337361530715005