1 0.2275390625 0.22356495468277945 0.455078125 0.4471299093655589
1 0.59521484375 0.3902316213494461 0.151123046875 0.06772406847935548
1 0.84716796875 0.3987915407854985 0.2080078125 0.14149043303121853
1 0.5966796875 0.2945619335347432 0.171630859375 0.08459214501510574
1 0.81591796875 0.29556898288016115 0.227783203125 0.1470292044310171
1 0.81640625 0.20443101711983888 0.211181640625 0.13444108761329304
1 0.58984375 0.19939577039274925 0.21435546875 0.10473313192346426
1 0.58984375 0.11883182275931521 0.183349609375 0.08434038267875126
1 0.6083984375 0.057905337361530716 0.19140625 0.094662638469285
1 0.810546875 0.12739174219536759 0.20361328125 0.11002014098690836
1 0.80517578125 0.05639476334340383 0.203125 0.09441087613293052
1 0.0966796875 0.8141993957703928 0.193359375 0.19637462235649547
1 0.2392578125 0.701409869083585 0.478515625 0.5589123867069486
1 0.69873046875 0.7119838872104733 0.6025390625 0.5760322255790534