1 0.22802734375 0.22406847935548843 0.4560546875 0.44813695871097686
1 0.59521484375 0.3902316213494461 0.1552734375 0.09667673716012085
1 0.84716796875 0.3987915407854985 0.2080078125 0.0986908358509567
1 0.5966796875 0.2945619335347432 0.177978515625 0.1054884189325277
1 0.81591796875 0.29556898288016115 0.2265625 0.09340382678751259
1 0.81640625 0.20443101711983888 0.210693359375 0.09491440080563948
1 0.58984375 0.19939577039274925 0.215087890625 0.11052366565961733
1 0.58984375 0.11883182275931521 0.183349609375 0.0850956696878147
1 0.60791015625 0.06042296072507553 0.1845703125 0.12084592145015106
1 0.810546875 0.12739174219536759 0.20361328125 0.11354481369587109
1 0.8046875 0.05740181268882175 0.201171875 0.1148036253776435
1 0.0947265625 0.8141993957703928 0.189453125 0.18831822759315206
1 0.24169921875 0.701409869083585 0.4833984375 0.5669687814702921
1 0.7021484375 0.7170191339375629 0.595703125 0.5659617321248741