1 0.22265625 0.21701913393756295 0.4453125 0.4340382678751259
1 0.59521484375 0.3902316213494461 0.1513671875 0.06948640483383686
1 0.84716796875 0.3987915407854985 0.204345703125 0.08836858006042296
1 0.5966796875 0.2945619335347432 0.177734375 0.10372608257804633
1 0.81591796875 0.29556898288016115 0.231689453125 0.12084592145015106
1 0.81640625 0.20443101711983888 0.21435546875 0.11832829808660625
1 0.58984375 0.19939577039274925 0.215087890625 0.14300100704934543
1 0.58984375 0.11883182275931521 0.183837890625 0.08862034239677745
1 0.6083984375 0.057905337361530716 0.18994140625 0.11555891238670694
1 0.810546875 0.12739174219536759 0.20361328125 0.1175730110775428
1 0.80517578125 0.05639476334340383 0.201171875 0.08081570996978851
1 0.1005859375 0.8136958710976838 0.201171875 0.2175226586102719
1 0.244140625 0.701409869083585 0.48828125 0.5730110775427996
1 0.712890625 0.729103726082578 0.57421875 0.5337361530715005