1 0.22509765625 0.22004028197381673 0.4501953125 0.44008056394763345
1 0.59521484375 0.3902316213494461 0.1494140625 0.1095166163141994
1 0.84716796875 0.3987915407854985 0.2060546875 0.09214501510574018
1 0.5966796875 0.2945619335347432 0.173828125 0.1309164149043303
1 0.81591796875 0.29556898288016115 0.231689453125 0.13217522658610273
1 0.81640625 0.20443101711983888 0.207275390625 0.08635448136958711
1 0.58984375 0.19939577039274925 0.216552734375 0.13922457200402819
1 0.58984375 0.11883182275931521 0.183837890625 0.08862034239677745
1 0.6083984375 0.057905337361530716 0.19140625 0.09164149043303121
1 0.810546875 0.12739174219536759 0.20263671875 0.09592145015105741
1 0.80517578125 0.05891238670694864 0.1982421875 0.11782477341389729
1 0.1005859375 0.8136958710976838 0.201171875 0.21550855991943604
1 0.2431640625 0.701409869083585 0.486328125 0.5709969788519638
1 0.70166015625 0.716515609264854 0.5966796875 0.5669687814702921