1 0.30810546875 0.15206445115810674 0.5400390625 0.3041289023162135
1 0.78271484375 0.13695871097683787 0.430908203125 0.22784491440080565
1 0.42626953125 0.9149043303121853 0.2861328125 0.1701913393756294
1 0.4384765625 0.46324269889224573 0.275634765625 0.18882175226586104
1 0.31298828125 0.2980866062437059 0.299560546875 0.12865055387713997
1 0.3046875 0.6163141993957704 0.60546875 0.7673716012084593
1 0.703125 0.8962739174219537 0.115234375 0.1052366565961732
1 0.89794921875 0.8932527693856999 0.169189453125 0.15458207452165157
1 0.6962890625 0.7416918429003021 0.13427734375 0.1339375629405841
1 0.8642578125 0.729607250755287 0.191650390625 0.16817724068479356
1 0.8564453125 0.5830815709969789 0.170166015625 0.1510574018126888
1 0.6826171875 0.5901309164149043 0.1875 0.18126888217522658
1 0.67529296875 0.4602215508559919 0.151123046875 0.13494461228600202
1 0.68359375 0.3610271903323263 0.144775390625 0.11958710976837865
1 0.8447265625 0.45871097683786505 0.17333984375 0.16414904330312186
1 0.8349609375 0.3459214501510574 0.168212890625 0.14904330312185296