1 0.30810546875 0.13695871097683787 0.5380859375 0.27391742195367574
1 0.78076171875 0.13695871097683787 0.4384765625 0.2598187311178248
1 0.42626953125 0.904833836858006 0.3017578125 0.1903323262839879
1 0.4384765625 0.46324269889224573 0.273681640625 0.18303121852970797
1 0.31298828125 0.2980866062437059 0.293701171875 0.14929506545820745
1 0.3212890625 0.607754279959718 0.642578125 0.7844914400805639
1 0.703125 0.8962739174219537 0.126708984375 0.11908358509566969
1 0.89794921875 0.8932527693856999 0.158203125 0.13947633434038267
1 0.6962890625 0.7416918429003021 0.14208984375 0.14224572004028196
1 0.8642578125 0.729607250755287 0.1796875 0.14979859013091643
1 0.8564453125 0.5830815709969789 0.177978515625 0.16263846928499495
1 0.6826171875 0.5901309164149043 0.18896484375 0.18353474320241692
1 0.67529296875 0.4602215508559919 0.15625 0.1472809667673716
1 0.68359375 0.3610271903323263 0.154296875 0.13217522658610273
1 0.8447265625 0.45871097683786505 0.154052734375 0.13217522658610273
1 0.8349609375 0.3459214501510574 0.16943359375 0.14803625377643503