1 0.30810546875 0.1379657603222558 0.5380859375 0.2759315206445116
1 0.779296875 0.14149043303121853 0.44140625 0.28298086606243705
1 0.42626953125 0.9083585095669687 0.2978515625 0.18328298086606243
1 0.4384765625 0.46324269889224573 0.261962890625 0.155337361530715
1 0.31298828125 0.2980866062437059 0.287109375 0.16163141993957703
1 0.30859375 0.6132930513595166 0.6171875 0.7734138972809668
1 0.703125 0.8962739174219537 0.1328125 0.12915407854984895
1 0.89794921875 0.8932527693856999 0.169921875 0.15508559919436052
1 0.6962890625 0.7416918429003021 0.152587890625 0.15433031218529708
1 0.8642578125 0.729607250755287 0.18212890625 0.1540785498489426
1 0.8564453125 0.5830815709969789 0.179443359375 0.16339375629405842
1 0.6826171875 0.5901309164149043 0.169677734375 0.15684793554884188
1 0.67529296875 0.4602215508559919 0.141845703125 0.12260825780463243
1 0.68359375 0.3610271903323263 0.161865234375 0.14803625377643503
1 0.8447265625 0.45871097683786505 0.17041015625 0.15634441087613293
1 0.8349609375 0.3459214501510574 0.16943359375 0.14803625377643503