1 0.30810546875 0.16062437059415913 0.5263671875 0.32124874118831825
1 0.779296875 0.1379657603222558 0.44140625 0.2759315206445116
1 0.42626953125 0.8992950654582075 0.3037109375 0.2014098690835851
1 0.4384765625 0.46324269889224573 0.261962890625 0.155337361530715
1 0.31298828125 0.2980866062437059 0.2998046875 0.12109768378650554
1 0.322265625 0.607754279959718 0.64453125 0.7844914400805639
1 0.703125 0.8962739174219537 0.12939453125 0.12462235649546828
1 0.89794921875 0.8932527693856999 0.182373046875 0.17497482376636456
1 0.6962890625 0.7416918429003021 0.144775390625 0.14602215508559918
1 0.8642578125 0.729607250755287 0.191650390625 0.16817724068479356
1 0.8564453125 0.5830815709969789 0.16162109375 0.13872104733131924
1 0.6826171875 0.5901309164149043 0.174072265625 0.16289023162134944
1 0.67529296875 0.4602215508559919 0.145263671875 0.12663645518630412
1 0.68359375 0.3610271903323263 0.161865234375 0.1500503524672709
1 0.8447265625 0.45871097683786505 0.17333984375 0.162134944612286
1 0.8349609375 0.3459214501510574 0.15625 0.1175730110775428