1 0.30810546875 0.1339375629405841 0.5341796875 0.2678751258811682
1 0.78076171875 0.13695871097683787 0.4384765625 0.2598187311178248
1 0.42626953125 0.9013091641490433 0.3037109375 0.1973816717019134
1 0.4384765625 0.46324269889224573 0.277099609375 0.19159113796576033
1 0.31298828125 0.2980866062437059 0.2783203125 0.1729607250755287
1 0.3046875 0.6243705941591138 0.556640625 0.7512588116817724
1 0.703125 0.8962739174219537 0.130615234375 0.12487411883182276
1 0.89794921875 0.8932527693856999 0.169921875 0.15508559919436052
1 0.6962890625 0.7416918429003021 0.152587890625 0.15433031218529708
1 0.8642578125 0.729607250755287 0.19677734375 0.17849949647532729
1 0.8564453125 0.5830815709969789 0.177978515625 0.16263846928499495
1 0.6826171875 0.5901309164149043 0.169677734375 0.15684793554884188
1 0.67529296875 0.4602215508559919 0.151611328125 0.13670694864048338
1 0.68359375 0.3610271903323263 0.158203125 0.13897280966767372
1 0.8447265625 0.45871097683786505 0.168212890625 0.15307150050352467
1 0.8349609375 0.3459214501510574 0.16943359375 0.14224572004028196