1 0.30810546875 0.15055387713997986 0.5419921875 0.3011077542799597
1 0.779296875 0.14098690835850958 0.44140625 0.28197381671701915
1 0.4267578125 0.8982880161127895 0.302734375 0.20342396777442096
1 0.4384765625 0.46324269889224573 0.279052734375 0.20921450151057402
1 0.31298828125 0.2980866062437059 0.29296875 0.1513091641490433
1 0.32666015625 0.607754279959718 0.6533203125 0.7844914400805639
1 0.703125 0.8962739174219537 0.117431640625 0.10876132930513595
1 0.89794921875 0.8932527693856999 0.181640625 0.17522658610271905
1 0.6962890625 0.7416918429003021 0.156005859375 0.1581067472306143
1 0.8642578125 0.729607250755287 0.197021484375 0.18202416918429004
1 0.8564453125 0.5830815709969789 0.18115234375 0.16742195367573012
1 0.6826171875 0.5901309164149043 0.179931640625 0.16968781470292044
1 0.67529296875 0.4602215508559919 0.151123046875 0.13494461228600202
1 0.68359375 0.3610271903323263 0.148193359375 0.1228600201409869
1 0.8447265625 0.45871097683786505 0.154541015625 0.1339375629405841
1 0.8349609375 0.3459214501510574 0.15625 0.1175730110775428