1 0.135 0.19873150105708245 0.27 0.3171247357293869
1 0.683 0.1744186046511628 0.634 0.2135306553911205
1 0.2 0.6691331923890064 0.4 0.6617336152219874
1 0.297 0.6723044397463002 0.186 0.6553911205073996
1 0.675 0.9630021141649049 0.322 0.07399577167019028
1 0.532 0.7875264270613108 0.3235 0.266384778012685
1 0.803 0.8477801268498943 0.2665 0.2489429175475687
1 0.579 0.4059196617336152 0.338 0.16120507399577166
1 0.553 0.5591966173361522 0.322 0.26849894291754756
1 0.836 0.5930232558139535 0.2395 0.24260042283298097
1 0.862 0.42917547568710357 0.276 0.19873150105708245