1 0.136 0.19767441860465115 0.272 0.3192389006342495
1 0.684 0.17547568710359407 0.632 0.19503171247357293
1 0.179 0.6680761099365751 0.358 0.6638477801268499
1 0.297 0.6723044397463002 0.198 0.6553911205073996
1 0.676 0.9651162790697675 0.32 0.06976744186046512
1 0.532 0.7875264270613108 0.3315 0.2774841437632135
1 0.803 0.8477801268498943 0.298 0.2912262156448203
1 0.579 0.4059196617336152 0.3265 0.21088794926004228
1 0.553 0.5591966173361522 0.3575 0.322938689217759
1 0.836 0.5930232558139535 0.247 0.2510570824524313
1 0.864 0.42917547568710357 0.272 0.17758985200845667