1 0.128 0.19873150105708245 0.256 0.28752642706131076
1 0.682 0.1744186046511628 0.636 0.2769556025369979
1 0.201 0.6691331923890064 0.402 0.6617336152219874
1 0.298 0.6733615221987315 0.331 0.611522198731501
1 0.675 0.9418604651162791 0.302 0.11627906976744186
1 0.532 0.7875264270613108 0.336 0.28594080338266387
1 0.803 0.8477801268498943 0.2615 0.24154334038054967
1 0.579 0.4059196617336152 0.322 0.21881606765327696
1 0.553 0.5591966173361522 0.334 0.2854122621564482
1 0.836 0.5930232558139535 0.224 0.22568710359408034
1 0.861 0.42917547568710357 0.278 0.23255813953488372