1 0.133 0.19767441860465115 0.266 0.3107822410147992
1 0.683 0.17758985200845667 0.61 0.35517970401691334
1 0.174 0.6691331923890064 0.348 0.6617336152219874
1 0.298 0.6733615221987315 0.2715 0.6469344608879493
1 0.675 0.9513742071881607 0.318 0.09725158562367865
1 0.532 0.7875264270613108 0.3355 0.2832980972515856
1 0.803 0.8477801268498943 0.302 0.3007399577167019
1 0.579 0.4059196617336152 0.338 0.15644820295983086
1 0.553 0.5591966173361522 0.3655 0.33985200845665964
1 0.836 0.5930232558139535 0.239 0.24101479915433405
1 0.861 0.43023255813953487 0.278 0.2346723044397463