1 0.136 0.19767441860465115 0.272 0.3192389006342495
1 0.684 0.18181818181818182 0.596 0.36363636363636365
1 0.197 0.6670190274841438 0.394 0.6659619450317125
1 0.298 0.6733615221987315 0.2955 0.6363636363636364
1 0.675 0.9556025369978859 0.322 0.08879492600422834
1 0.532 0.7875264270613108 0.3635 0.33668076109936573
1 0.803 0.8477801268498943 0.286 0.273784355179704
1 0.579 0.4059196617336152 0.334 0.19503171247357293
1 0.553 0.5591966173361522 0.324 0.27061310782241016
1 0.836 0.5930232558139535 0.2445 0.24788583509513742
1 0.864 0.42917547568710357 0.272 0.1733615221987315