1 0.132 0.19767441860465115 0.264 0.3023255813953488
1 0.683 0.1744186046511628 0.634 0.2854122621564482
1 0.181 0.6670190274841438 0.362 0.6659619450317125
1 0.297 0.6723044397463002 0.206 0.6553911205073996
1 0.675 0.9408033826638478 0.298 0.11839323467230443
1 0.532 0.7875264270613108 0.3635 0.3361522198731501
1 0.803 0.8477801268498943 0.3015 0.2959830866807611
1 0.579 0.4059196617336152 0.338 0.15644820295983086
1 0.553 0.5591966173361522 0.344 0.30021141649048627
1 0.836 0.5930232558139535 0.2445 0.24788583509513742
1 0.861 0.42917547568710357 0.278 0.2156448202959831