1 0.19031311154598826 0.3672106824925816 0.34637964774951074 0.4406528189910979
1 0.7495107632093934 0.4176557863501484 0.1704990215264188 0.2273738872403561
1 0.6247553816046967 0.45103857566765576 0.17416829745596868 0.20808605341246292
1 0.5484344422700587 0.43768545994065283 0.13233855185909982 0.1836053412462908
1 0.7167318982387475 0.33456973293768544 0.11032289628180039 0.10534124629080119
1 0.62573385518591 0.37091988130563797 0.11276908023483366 0.10014836795252226
1 0.5048923679060665 0.3479228486646884 0.14823874755381605 0.0849406528189911
1 0.42221135029354206 0.4814540059347181 0.12426614481409001 0.11572700296735905
1 0.06702544031311154 0.9124629080118695 0.13405088062622308 0.17507418397626112
1 0.2191780821917808 0.8998516320474778 0.1761252446183953 0.20029673590504452
1 0.3204500978473581 0.9043026706231454 0.07338551859099804 0.17655786350148367
1 0.05870841487279843 0.7722551928783383 0.11741682974559686 0.20029673590504452
1 0.06164383561643835 0.629080118694362 0.1232876712328767 0.20474777448071216
1 0.18786692759295498 0.6090504451038575 0.17588062622309197 0.2166172106824926
1 0.20205479452054795 0.7566765578635015 0.17685909980430528 0.23405044510385756
1 0.31800391389432486 0.7262611275964391 0.07289628180039139 0.1591246290801187
1 0.3067514677103718 0.5971810089020771 0.10078277886497064 0.15875370919881307
1 0.6697651663405088 0.7403560830860534 0.6604696673189824 0.5192878338278932