1 0.19031311154598826 0.3672106824925816 0.32999021526418787 0.3571958456973294
1 0.7495107632093934 0.4176557863501484 0.17172211350293543 0.2344213649851632
1 0.6247553816046967 0.45103857566765576 0.17343444227005872 0.211053412462908
1 0.5484344422700587 0.43768545994065283 0.11668297455968689 0.14836795252225518
1 0.7167318982387475 0.33456973293768544 0.11448140900195694 0.12314540059347182
1 0.62573385518591 0.37091988130563797 0.11056751467710371 0.09198813056379822
1 0.5048923679060665 0.3479228486646884 0.14652641878669276 0.07010385756676558
1 0.42221135029354206 0.4814540059347181 0.1259784735812133 0.129080118694362
1 0.06409001956947162 0.9213649851632048 0.12818003913894324 0.1572700296735905
1 0.2191780821917808 0.9043026706231454 0.17025440313111545 0.1913946587537092
1 0.3204500978473581 0.9043026706231454 0.07338551859099804 0.17655786350148367
1 0.05577299412915851 0.7722551928783383 0.11154598825831702 0.18545994065281898
1 0.05870841487279843 0.629080118694362 0.11741682974559686 0.18991097922848665
1 0.18786692759295498 0.6090504451038575 0.17588062622309197 0.2062314540059347
1 0.20205479452054795 0.7566765578635015 0.1771037181996086 0.23775964391691395
1 0.31800391389432486 0.7262611275964391 0.06237769080234833 0.1513353115727003
1 0.3067514677103718 0.5971810089020771 0.0949119373776908 0.1513353115727003
1 0.6697651663405088 0.7477744807121661 0.6545988258317026 0.5044510385756676