1 0.19031311154598826 0.3672106824925816 0.32778864970645794 0.34903560830860536
1 0.7495107632093934 0.4176557863501484 0.16046966731898238 0.20289317507418397
1 0.6247553816046967 0.45103857566765576 0.17123287671232876 0.18731454005934717
1 0.5484344422700587 0.43768545994065283 0.13209393346379647 0.18137982195845698
1 0.7167318982387475 0.33456973293768544 0.11350293542074363 0.11869436201780416
1 0.62573385518591 0.37091988130563797 0.11472602739726027 0.10719584569732937
1 0.5048923679060665 0.3479228486646884 0.14848336594911937 0.08902077151335312
1 0.42221135029354206 0.4814540059347181 0.12035225048923678 0.09940652818991098
1 0.06555772994129158 0.9176557863501483 0.13111545988258316 0.16468842729970326
1 0.21966731898238748 0.9080118694362018 0.16536203522504891 0.18397626112759644
1 0.3204500978473581 0.9043026706231454 0.08512720156555773 0.1739614243323442
1 0.05724070450097847 0.7722551928783383 0.11448140900195694 0.1943620178041543
1 0.05870841487279843 0.629080118694362 0.11741682974559686 0.18991097922848665
1 0.18786692759295498 0.6090504451038575 0.17416829745596868 0.19770029673590506
1 0.20205479452054795 0.7566765578635015 0.16316046966731898 0.19658753709198812
1 0.31800391389432486 0.7262611275964391 0.08365949119373776 0.1620919881305638
1 0.3067514677103718 0.5971810089020771 0.10078277886497064 0.15875370919881307
1 0.6687866927592955 0.7329376854599406 0.662426614481409 0.5341246290801187