1 0.15949119373776907 0.2767062314540059 0.17025440313111545 0.10682492581602374
1 0.44129158512720157 0.28857566765578635 0.22064579256360078 0.17804154302670624
1 0.17074363992172212 0.20845697329376855 0.18664383561643835 0.1531899109792285
1 0.41536203522504894 0.21439169139465875 0.24755381604696672 0.17321958456973294
1 0.42563600782778865 0.14910979228486648 0.22871819960861056 0.1572700296735905
1 0.17221135029354206 0.14020771513353117 0.22871819960861056 0.18212166172106825
1 0.18003913894324852 0.08234421364985163 0.2054794520547945 0.08753709198813056
1 0.20645792563600782 0.04302670623145401 0.21526418786692758 0.08605341246290801
1 0.42563600782778865 0.09347181008902077 0.22920743639921723 0.07418397626112759
1 0.42759295499021527 0.04821958456973294 0.22896281800391388 0.09643916913946587
1 0.7832681017612525 0.1913946587537092 0.24339530332681017 0.258160237388724
1 0.31409001956947163 0.6572700296735905 0.6007827788649707 0.685459940652819
1 0.7930528375733855 0.6446587537091988 0.41389432485322897 0.7106824925816023