1 0.15949119373776907 0.2767062314540059 0.16634050880626222 0.11869436201780416
1 0.44129158512720157 0.28857566765578635 0.22480430528375733 0.17025222551928784
1 0.17074363992172212 0.20845697329376855 0.19055772994129158 0.14428783382789317
1 0.41536203522504894 0.21439169139465875 0.24853228962818003 0.17025222551928784
1 0.42563600782778865 0.14910979228486648 0.22676125244618395 0.16172106824925817
1 0.17221135029354206 0.14020771513353117 0.24290606653620353 0.13241839762611277
1 0.18003913894324852 0.08234421364985163 0.18811154598825833 0.1554154302670623
1 0.20645792563600782 0.04821958456973294 0.21330724070450097 0.09643916913946587
1 0.42563600782778865 0.09347181008902077 0.22945205479452055 0.0830860534124629
1 0.42710371819960863 0.055637982195845696 0.22211350293542073 0.11127596439169139
1 0.7832681017612525 0.1913946587537092 0.2436399217221135 0.2793026706231454
1 0.32142857142857145 0.6120178041543026 0.6428571428571429 0.7759643916913946
1 0.7984344422700587 0.6498516320474778 0.40313111545988256 0.7002967359050445