1 0.15949119373776907 0.2767062314540059 0.16585127201565558 0.12166172106824925
1 0.44129158512720157 0.28857566765578635 0.23850293542074363 0.10274480712166172
1 0.17074363992172212 0.20845697329376855 0.19104696673189825 0.1435459940652819
1 0.41536203522504894 0.21439169139465875 0.2556262230919765 0.1435459940652819
1 0.42563600782778865 0.14910979228486648 0.22064579256360078 0.1739614243323442
1 0.17221135029354206 0.14020771513353117 0.2326320939334638 0.17321958456973294
1 0.18003913894324852 0.08234421364985163 0.2052348336594912 0.0693620178041543
1 0.20645792563600782 0.04673590504451038 0.21330724070450097 0.09347181008902077
1 0.42563600782778865 0.09347181008902077 0.22725048923679061 0.12462908011869436
1 0.42710371819960863 0.06231454005934718 0.21037181996086105 0.12462908011869436
1 0.7832681017612525 0.1913946587537092 0.24339530332681017 0.258160237388724
1 0.31409001956947163 0.6550445103857567 0.6046966731898239 0.6899109792284867
1 0.8136007827788649 0.6676557863501483 0.37279843444227007 0.6646884272997032