1 0.5 0.46463815789473684 1 0.7088815789473685
1 0.3045267489711934 0.07730263157894737 0.27983539094650206 0.15460526315789475
1 0.2949588477366255 0.15557565789473685 0.2659773662551441 0.09358963815789474
1 0.3025925925925926 0.21860197368421053 0.20235082304526744 0.07588404605263156
1 0.29148148148148145 0.4657730263157895 0.22854423868312768 0.11678865131578955
1 0.5992181069958848 0.2811019736842105 0.3563837448559671 0.16726562500000008
1 0.6601646090534979 0.16481907894736844 0.40782921810699596 0.1958552631578947
1 0.6574074074074074 0.08881578947368421 0.4053497942386831 0.17763157894736842
1 0.9320987654320988 0.12911184210526316 0.13580246913580246 0.08717105263157894
1 0.934156378600823 0.046052631578947366 0.13168724279835392 0.09210526315789473
1 0.9218106995884774 0.27055921052631576 0.15637860082304528 0.11019736842105263
1 0.9176954732510288 0.3972039473684211 0.1646090534979424 0.09046052631578948
1 0.6296296296296297 0.9292763157894737 0.1728395061728395 0.14144736842105263