1 0.85498046875 0.5293040293040293 0.2900390625 0.41245421245421243
1 0.841552734375 0.8952380952380953 0.31689453125 0.20952380952380953
1 0.536376953125 0.9117216117216117 0.29052734375 0.17655677655677657
1 0.52001953125 0.7201465201465201 0.4200439453125 0.426007326007326
1 0.8251953125 0.2087912087912088 0.349609375 0.4175824175824176
1 0.48828125 0.4747252747252747 0.365234375 0.5347985347985348
1 0.443359375 0.26373626373626374 0.27734375 0.5274725274725275
1 0.416259765625 0.1054945054945055 0.16455078125 0.210989010989011
1 0.25537109375 0.8542124542124542 0.1455078125 0.1935897435897436
1 0.266845703125 0.9523809523809523 0.11962890625 0.09523809523809523
1 0.25146484375 0.6586080586080586 0.1756591796875 0.32234432234432236
1 0.2490234375 0.5047619047619047 0.1954345703125 0.3148351648351648
1 0.25732421875 0.3626373626373626 0.2049560546875 0.3445054945054945
1 0.25341796875 0.21831501831501832 0.224609375 0.42655677655677654
1 0.208251953125 0.09010989010989011 0.08251953125 0.18021978021978022
1 0.225341796875 0.1509157509157509 0.14208984375 0.3018315018315018
1 0.119140625 0.2139194139194139 0.0987548828125 0.23608058608058607
1 0.11669921875 0.39487179487179486 0.138671875 0.25659340659340657
1 0.125 0.4857142857142857 0.105224609375 0.20805860805860807
1 0.11865234375 0.6051282051282051 0.114501953125 0.19304029304029305
1 0.1142578125 0.7304029304029304 0.09765625 0.19322344322344323
1 0.103515625 0.8798534798534798 0.1192626953125 0.18644688644688645