1 0.5 0.46381578947368424 1 0.7138157894736842
1 0.3054526748971193 0.07195723684210527 0.2816460905349794 0.14293174342105264
1 0.2949588477366255 0.15557565789473685 0.27729423868312764 0.13059621710526312
1 0.3025925925925926 0.21860197368421053 0.21006687242798347 0.10261101973684209
1 0.29148148148148145 0.4657730263157895 0.22905864197530873 0.11514391447368429
1 0.5992181069958848 0.2811019736842105 0.370787037037037 0.08502878289473692
1 0.6601646090534979 0.16481907894736844 0.40782921810699596 0.20202302631578944
1 0.6574074074074074 0.0756578947368421 0.4094650205761317 0.1513157894736842
1 0.9351851851851852 0.12911184210526316 0.12962962962962962 0.06743421052631579
1 0.934156378600823 0.046052631578947366 0.13168724279835392 0.09210526315789473
1 0.9218106995884774 0.2713815789473684 0.15637860082304528 0.10526315789473684
1 0.9156378600823045 0.3980263157894737 0.16872427983539096 0.10855263157894737
1 0.6306584362139918 0.9243421052631579 0.19958847736625515 0.1513157894736842