1 0.861328125 0.5296703296703297 0.27734375 0.3675824175824176
1 0.84228515625 0.8915750915750916 0.3154296875 0.21684981684981686
1 0.53662109375 0.8893772893772893 0.2880859375 0.22124542124542124
1 0.52001953125 0.7201465201465201 0.419189453125 0.49835164835164836
1 0.828369140625 0.20073260073260074 0.34326171875 0.4014652014652015
1 0.48828125 0.4747252747252747 0.3670654296875 0.5377289377289377
1 0.443359375 0.26373626373626374 0.27734375 0.5274725274725275
1 0.416259765625 0.10915750915750916 0.17138671875 0.21831501831501832
1 0.25537109375 0.8542124542124542 0.1690673828125 0.23882783882783884
1 0.266845703125 0.9472527472527472 0.11669921875 0.1054945054945055
1 0.25146484375 0.6586080586080586 0.1973876953125 0.33882783882783885
1 0.2490234375 0.5047619047619047 0.1844482421875 0.30494505494505497
1 0.25732421875 0.3626373626373626 0.1834716796875 0.3283882783882784
1 0.25341796875 0.21831501831501832 0.209716796875 0.4217948717948718
1 0.208251953125 0.09084249084249084 0.08935546875 0.18168498168498168
1 0.225341796875 0.15677655677655677 0.18408203125 0.31355311355311355
1 0.119140625 0.2139194139194139 0.0938720703125 0.23186813186813188
1 0.11669921875 0.39487179487179486 0.1395263671875 0.25677655677655675
1 0.125 0.4857142857142857 0.1209716796875 0.22271062271062272
1 0.11865234375 0.6051282051282051 0.1083984375 0.18626373626373627
1 0.1142578125 0.7304029304029304 0.1104736328125 0.20384615384615384
1 0.103515625 0.8798534798534798 0.1241455078125 0.19194139194139195