1 0.5 0.46381578947368424 1 0.7236842105263158
1 0.3045267489711934 0.07401315789473684 0.2839506172839506 0.14802631578947367
1 0.2949588477366255 0.15557565789473685 0.27009259259259266 0.10304687500000001
1 0.3025925925925926 0.21860197368421053 0.21006687242798347 0.10466694078947367
1 0.29148148148148145 0.4657730263157895 0.22854423868312768 0.07525904605263166
1 0.5992181069958848 0.2811019736842105 0.37490226337448557 0.10682154605263165
1 0.6601646090534979 0.16481907894736844 0.40525720164609064 0.21353618421052628
1 0.6574074074074074 0.0756578947368421 0.4053497942386831 0.1513157894736842
1 0.9320987654320988 0.12911184210526316 0.13580246913580246 0.0805921052631579
1 0.9351851851851852 0.044407894736842105 0.12962962962962962 0.08552631578947369
1 0.9238683127572016 0.27055921052631576 0.1522633744855967 0.09046052631578948
1 0.918724279835391 0.3980263157894737 0.16255144032921812 0.08881578947368421
1 0.6306584362139918 0.928453947368421 0.17901234567901234 0.14309210526315788