1 0.849853515625 0.5293040293040293 0.30029296875 0.45494505494505494
1 0.84228515625 0.8904761904761904 0.3134765625 0.21904761904761905
1 0.536376953125 0.895970695970696 0.29443359375 0.20805860805860807
1 0.52001953125 0.7201465201465201 0.39453125 0.34285714285714286
1 0.8232421875 0.21428571428571427 0.353515625 0.42857142857142855
1 0.48828125 0.4747252747252747 0.3914794921875 0.5785714285714286
1 0.443115234375 0.27362637362637365 0.32275390625 0.5472527472527473
1 0.416259765625 0.11025641025641025 0.17236328125 0.2205128205128205
1 0.25537109375 0.8542124542124542 0.16796875 0.2347985347985348
1 0.26708984375 0.9505494505494505 0.1201171875 0.0989010989010989
1 0.25146484375 0.6586080586080586 0.1866455078125 0.3326007326007326
1 0.2490234375 0.5047619047619047 0.1925048828125 0.31336996336996337
1 0.25732421875 0.3626373626373626 0.2059326171875 0.3445054945054945
1 0.25341796875 0.21831501831501832 0.1776123046875 0.39725274725274723
1 0.208251953125 0.09047619047619047 0.08544921875 0.18095238095238095
1 0.2255859375 0.15714285714285714 0.1796875 0.3142857142857143
1 0.119140625 0.2139194139194139 0.0987548828125 0.23608058608058607
1 0.11669921875 0.39487179487179486 0.134033203125 0.25384615384615383
1 0.125 0.4857142857142857 0.1260986328125 0.22582417582417583
1 0.11865234375 0.6051282051282051 0.1044921875 0.18186813186813186
1 0.1142578125 0.7304029304029304 0.095703125 0.19065934065934065
1 0.103515625 0.8798534798534798 0.114990234375 0.18058608058608058