1 0.8798076923076923 0.8317307692307693 0.2403846153846154 0.33653846153846156
1 0.6382211538461539 0.8377403846153846 0.23858173076923078 0.3245192307692308
1 0.41346153846153844 0.8365384615384616 0.27403846153846156 0.3269230769230769
1 0.17427884615384615 0.8413461538461539 0.31009615384615385 0.3173076923076923
1 0.6033653846153846 0.14903846153846154 0.2932692307692308 0.2980769230769231
1 0.3605769230769231 0.16105769230769232 0.28365384615384615 0.32211538461538464
1 0.8677884615384616 0.15745192307692307 0.2644230769230769 0.3004807692307692
1 0.12379807692307693 0.16947115384615385 0.24759615384615385 0.3389423076923077
1 0.8581730769230769 0.47596153846153844 0.28365384615384615 0.36538461538461536
1 0.6598557692307693 0.49399038461538464 0.3094951923076923 0.3671875
1 0.40024038461538464 0.5228365384615384 0.3125 0.3479567307692308
1 0.13581730769230768 0.5264423076923077 0.22355769230769232 0.28846153846153844