1 0.17548076923076922 0.6610576923076923 0.12139423076923077 0.15985576923076922
1 0.18269230769230768 0.5216346153846154 0.10997596153846154 0.11899038461538461
1 0.18269230769230768 0.38221153846153844 0.0907451923076923 0.140625
1 0.25600961538461536 0.6478365384615384 0.15564903846153846 0.1424278846153846
1 0.2920673076923077 0.5084134615384616 0.16105769230769232 0.15685096153846154
1 0.3016826923076923 0.33533653846153844 0.20012019230769232 0.22596153846153846
1 0.3858173076923077 0.7247596153846154 0.18449519230769232 0.1953125
1 0.4675480769230769 0.30288461538461536 0.26622596153846156 0.28305288461538464
1 0.4795673076923077 0.42788461538461536 0.17487980769230768 0.2548076923076923
1 0.5072115384615384 0.7512019230769231 0.21153846153846154 0.21814903846153846
1 0.6201923076923077 0.23076923076923078 0.2926682692307692 0.21995192307692307
1 0.6298076923076923 0.5853365384615384 0.28725961538461536 0.2722355769230769
1 0.6670673076923077 0.38100961538461536 0.2325721153846154 0.23737980769230768
1 0.7259615384615384 0.7487980769230769 0.22956730769230768 0.20372596153846154
1 0.84375 0.2548076923076923 0.3125 0.33653846153846156
1 0.8641826923076923 0.8329326923076923 0.27163461538461536 0.2860576923076923
1 0.8677884615384616 0.5709134615384616 0.2644230769230769 0.31490384615384615