1 0.3389423076923077 0.17548076923076922 0.16286057692307693 0.12560096153846154
1 0.47836538461538464 0.18269230769230768 0.12139423076923077 0.11538461538461539
1 0.6177884615384616 0.18269230769230768 0.1502403846153846 0.11538461538461539
1 0.35216346153846156 0.25600961538461536 0.12800480769230768 0.14603365384615385
1 0.49158653846153844 0.2920673076923077 0.15685096153846154 0.16105769230769232
1 0.6646634615384616 0.3016826923076923 0.22596153846153846 0.20012019230769232
1 0.27524038461538464 0.3858173076923077 0.19050480769230768 0.17608173076923078
1 0.6971153846153846 0.4675480769230769 0.30709134615384615 0.29627403846153844
1 0.5721153846153846 0.4795673076923077 0.24459134615384615 0.12980769230769232
1 0.24879807692307693 0.5072115384615384 0.22776442307692307 0.22115384615384615
1 0.7692307692307693 0.6201923076923077 0.22235576923076922 0.296875
1 0.41466346153846156 0.6298076923076923 0.2860576923076923 0.29747596153846156
1 0.6189903846153846 0.6670673076923077 0.2421875 0.23737980769230768
1 0.2512019230769231 0.7259615384615384 0.19050480769230768 0.21995192307692307
1 0.7439903846153846 0.8425480769230769 0.3389423076923077 0.31490384615384615
1 0.16466346153846154 0.8653846153846154 0.28125 0.2692307692307692
1 0.4266826923076923 0.8677884615384616 0.31971153846153844 0.2644230769230769