1 0.8245192307692307 0.3389423076923077 0.1015625 0.14903846153846154
1 0.8173076923076923 0.47836538461538464 0.1045673076923077 0.11117788461538461
1 0.8173076923076923 0.6177884615384616 0.11478365384615384 0.1502403846153846
1 0.7439903846153846 0.35216346153846156 0.15204326923076922 0.13942307692307693
1 0.7079326923076923 0.49158653846153844 0.17127403846153846 0.1700721153846154
1 0.6983173076923077 0.6646634615384616 0.22295673076923078 0.2421875
1 0.6141826923076923 0.27524038461538464 0.16826923076923078 0.18449519230769232
1 0.5324519230769231 0.6971153846153846 0.2620192307692308 0.27944711538461536
1 0.5204326923076923 0.5721153846153846 0.18088942307692307 0.2512019230769231
1 0.49278846153846156 0.24879807692307693 0.2247596153846154 0.2283653846153846
1 0.3798076923076923 0.7692307692307693 0.3215144230769231 0.27944711538461536
1 0.3701923076923077 0.41466346153846156 0.30649038461538464 0.2980769230769231
1 0.3329326923076923 0.6189903846153846 0.22896634615384615 0.23557692307692307
1 0.27403846153846156 0.2512019230769231 0.22175480769230768 0.19471153846153846
1 0.1622596153846154 0.7427884615384616 0.3245192307692308 0.3605769230769231
1 0.1346153846153846 0.16466346153846154 0.2692307692307692 0.2860576923076923
1 0.13221153846153846 0.4266826923076923 0.2644230769230769 0.31971153846153844