1 0.8725961538461539 0.828125 0.2548076923076923 0.34375
1 0.6382211538461539 0.8353365384615384 0.25240384615384615 0.3293269230769231
1 0.41225961538461536 0.8353365384615384 0.27163461538461536 0.3293269230769231
1 0.17548076923076922 0.8473557692307693 0.28365384615384615 0.30528846153846156
1 0.6021634615384616 0.14543269230769232 0.27163461538461536 0.29086538461538464
1 0.3605769230769231 0.1622596153846154 0.28846153846153844 0.3245192307692308
1 0.8713942307692307 0.15745192307692307 0.25721153846153844 0.29086538461538464
1 0.1141826923076923 0.16466346153846154 0.2283653846153846 0.3293269230769231
1 0.8641826923076923 0.47596153846153844 0.27163461538461536 0.3605769230769231
1 0.6598557692307693 0.49399038461538464 0.27163461538461536 0.35096153846153844
1 0.40024038461538464 0.5228365384615384 0.32211538461538464 0.3527644230769231
1 0.13581730769230768 0.5264423076923077 0.23317307692307693 0.29447115384615385