1 0.32091346153846156 0.36778846153846156 0.0673076923076923 0.06370192307692307
1 0.3798076923076923 0.3713942307692308 0.04927884615384615 0.045072115384615384
1 0.8088942307692307 0.37740384615384615 0.06430288461538461 0.057692307692307696
1 0.46274038461538464 0.41225961538461536 0.08413461538461539 0.06971153846153846
1 0.5949519230769231 0.4387019230769231 0.16526442307692307 0.14603365384615385
1 0.7764423076923077 0.43990384615384615 0.033052884615384616 0.057692307692307696
1 0.9278846153846154 0.47596153846153844 0.07271634615384616 0.09495192307692307
1 0.8617788461538461 0.4987980769230769 0.07932692307692307 0.08834134615384616
1 0.5973557692307693 0.5985576923076923 0.13701923076923078 0.1346153846153846
1 0.46274038461538464 0.6310096153846154 0.12740384615384615 0.1201923076923077
1 0.31490384615384615 0.6658653846153846 0.17848557692307693 0.13401442307692307
1 0.8581730769230769 0.6899038461538461 0.19230769230769232 0.19290865384615385
1 0.6730769230769231 0.6947115384615384 0.19230769230769232 0.20612980769230768
1 0.38461538461538464 0.8329326923076923 0.21634615384615385 0.23737980769230768
1 0.6814903846153846 0.8990384615384616 0.23317307692307693 0.20192307692307693
1 0.47836538461538464 0.9375 0.15865384615384615 0.125