1 0.21394230769230768 0.34134615384615385 0.09975961538461539 0.14963942307692307
1 0.23557692307692307 0.6838942307692307 0.10516826923076923 0.21454326923076922
1 0.2403846153846154 0.49759615384615385 0.11959134615384616 0.16887019230769232
1 0.33533653846153844 0.3233173076923077 0.1268028846153846 0.15625
1 0.3485576923076923 0.6887019230769231 0.11598557692307693 0.1953125
1 0.35336538461538464 0.5 0.12980769230769232 0.17427884615384615
1 0.5721153846153846 0.6706730769230769 0.1045673076923077 0.0733173076923077
1 0.578125 0.5276442307692307 0.10877403846153846 0.06911057692307693
1 0.5805288461538461 0.6033653846153846 0.12980769230769232 0.0733173076923077
1 0.11298076923076923 0.3317307692307692 0.09615384615384616 0.12980769230769232
1 0.1201923076923077 0.6911057692307693 0.1544471153846154 0.21814903846153846
1 0.1201923076923077 0.49399038461538464 0.1622596153846154 0.21394230769230768