1 0.8245192307692307 0.3389423076923077 0.12860576923076922 0.16286057692307693
1 0.8173076923076923 0.47836538461538464 0.1141826923076923 0.1201923076923077
1 0.8173076923076923 0.6177884615384616 0.11959134615384616 0.14963942307692307
1 0.7439903846153846 0.35216346153846156 0.15564903846153846 0.1424278846153846
1 0.7079326923076923 0.49158653846153844 0.1700721153846154 0.1658653846153846
1 0.6983173076923077 0.6646634615384616 0.20673076923076922 0.2325721153846154
1 0.6141826923076923 0.27524038461538464 0.15084134615384615 0.1700721153846154
1 0.5324519230769231 0.6971153846153846 0.2854567307692308 0.2980769230769231
1 0.5204326923076923 0.5721153846153846 0.1856971153846154 0.25
1 0.49278846153846156 0.24879807692307693 0.20673076923076922 0.21334134615384615
1 0.3798076923076923 0.7692307692307693 0.3167067307692308 0.2590144230769231
1 0.3701923076923077 0.41466346153846156 0.28365384615384615 0.27103365384615385
1 0.3329326923076923 0.6189903846153846 0.22355769230769232 0.22896634615384615
1 0.27403846153846156 0.2512019230769231 0.23137019230769232 0.2091346153846154
1 0.15504807692307693 0.7427884615384616 0.31009615384615385 0.3317307692307692
1 0.12379807692307693 0.1658653846153846 0.24519230769230768 0.23557692307692307
1 0.12620192307692307 0.42788461538461536 0.25240384615384615 0.30288461538461536