1 0.8737980769230769 0.8293269230769231 0.25240384615384615 0.34134615384615385
1 0.6370192307692307 0.8341346153846154 0.25961538461538464 0.3317307692307692
1 0.41225961538461536 0.8389423076923077 0.23317307692307693 0.32211538461538464
1 0.17427884615384615 0.8401442307692307 0.31971153846153844 0.31971153846153844
1 0.6033653846153846 0.14182692307692307 0.23557692307692307 0.2734375
1 0.359375 0.1622596153846154 0.2956730769230769 0.3245192307692308
1 0.8641826923076923 0.15865384615384615 0.27163461538461536 0.3125
1 0.11538461538461539 0.16466346153846154 0.2127403846153846 0.3203125
1 0.8617788461538461 0.47716346153846156 0.2764423076923077 0.3629807692307692
1 0.6598557692307693 0.49399038461538464 0.2692307692307692 0.34915865384615385
1 0.40024038461538464 0.5228365384615384 0.3245192307692308 0.35336538461538464
1 0.13822115384615385 0.5252403846153846 0.2764423076923077 0.3245192307692308