1 0.080322265625 0.5965779467680609 0.16064453125 0.1832699619771863
1 0.081298828125 0.4604562737642586 0.16259765625 0.21064638783269962
1 0.107666015625 0.30722433460076043 0.21533203125 0.22965779467680608
1 0.107177734375 0.17186311787072242 0.21435546875 0.24334600760456274
1 0.091552734375 0.06007604562737642 0.18310546875 0.12015209125475285
1 0.382080078125 0.07756653992395438 0.28857421875 0.15513307984790875
1 0.37890625 0.19163498098859316 0.279296875 0.18288973384030419
1 0.36572265625 0.3300380228136882 0.2882080078125 0.22167300380228136
1 0.554443359375 0.6429657794676806 0.54833984375 0.7140684410646387
1 0.2880859375 0.6136882129277567 0.120849609375 0.1532319391634981
1 0.085205078125 0.8216730038022814 0.10498046875 0.3224334600760456
1 0.035888671875 0.835361216730038 0.07177734375 0.31254752851711026
1 0.77099609375 0.17490494296577946 0.364013671875 0.3224334600760456
1 0.779296875 0.3155893536121673 0.3721923828125 0.33745247148288976
1 0.7822265625 0.4448669201520912 0.3564453125 0.35304182509505705
1 0.80078125 0.6076045627376426 0.3428955078125 0.27395437262357414