1 0.34134615384615385 0.7860576923076923 0.1544471153846154 0.11598557692307693
1 0.6838942307692307 0.7644230769230769 0.21454326923076922 0.1544471153846154
1 0.49759615384615385 0.7596153846153846 0.16706730769230768 0.11057692307692307
1 0.3233173076923077 0.6646634615384616 0.15865384615384615 0.13161057692307693
1 0.6887019230769231 0.6514423076923077 0.19471153846153846 0.11117788461538461
1 0.5 0.6466346153846154 0.1736778846153846 0.12860576923076922
1 0.6706730769230769 0.42788461538461536 0.07752403846153846 0.10516826923076923
1 0.5276442307692307 0.421875 0.0751201923076923 0.1123798076923077
1 0.6033653846153846 0.41947115384615385 0.0811298076923077 0.13161057692307693
1 0.3317307692307692 0.8870192307692307 0.12980769230769232 0.10576923076923077
1 0.6911057692307693 0.8798076923076923 0.21394230769230768 0.171875
1 0.49399038461538464 0.8798076923076923 0.21153846153846154 0.171875