1 0.34134615384615385 0.7860576923076923 0.1544471153846154 0.11959134615384616
1 0.6838942307692307 0.7644230769230769 0.21875 0.11598557692307693
1 0.49759615384615385 0.7596153846153846 0.16766826923076922 0.1141826923076923
1 0.3233173076923077 0.6646634615384616 0.16105769230769232 0.14122596153846154
1 0.6887019230769231 0.6514423076923077 0.1971153846153846 0.13040865384615385
1 0.5 0.6466346153846154 0.17427884615384615 0.13942307692307693
1 0.6706730769230769 0.42788461538461536 0.07752403846153846 0.10516826923076923
1 0.5276442307692307 0.421875 0.07932692307692307 0.11298076923076923
1 0.6033653846153846 0.41947115384615385 0.08052884615384616 0.13161057692307693
1 0.3317307692307692 0.8870192307692307 0.13040865384615385 0.10036057692307693
1 0.6911057692307693 0.8798076923076923 0.20192307692307693 0.125
1 0.49399038461538464 0.8798076923076923 0.21153846153846154 0.15264423076923078