1 0.17548076923076922 0.6610576923076923 0.13822115384615385 0.16346153846153846
1 0.18269230769230768 0.5216346153846154 0.11538461538461539 0.12079326923076923
1 0.18269230769230768 0.38221153846153844 0.11598557692307693 0.1502403846153846
1 0.25600961538461536 0.6478365384615384 0.15384615384615385 0.14122596153846154
1 0.2920673076923077 0.5084134615384616 0.15384615384615385 0.14903846153846154
1 0.3016826923076923 0.33533653846153844 0.21814903846153846 0.23737980769230768
1 0.3858173076923077 0.7247596153846154 0.1778846153846154 0.19230769230769232
1 0.4675480769230769 0.30288461538461536 0.28365384615384615 0.2980769230769231
1 0.4795673076923077 0.42788461538461536 0.17608173076923078 0.2542067307692308
1 0.5072115384615384 0.7512019230769231 0.22716346153846154 0.2325721153846154
1 0.6201923076923077 0.23076923076923078 0.3215144230769231 0.27884615384615385
1 0.6298076923076923 0.5853365384615384 0.30288461538461536 0.2932692307692308
1 0.6670673076923077 0.38100961538461536 0.21935096153846154 0.22596153846153846
1 0.7259615384615384 0.7487980769230769 0.23197115384615385 0.21334134615384615
1 0.8389423076923077 0.25600961538461536 0.32211538461538464 0.35336538461538464
1 0.8762019230769231 0.8341346153846154 0.24699519230769232 0.2361778846153846
1 0.8786057692307693 0.5709134615384616 0.24278846153846154 0.2860576923076923