1 0.08413461538461539 0.6574519230769231 0.16826923076923078 0.22355769230769232
1 0.4074519230769231 0.6742788461538461 0.20973557692307693 0.19411057692307693
1 0.6213942307692307 0.6911057692307693 0.23557692307692307 0.21935096153846154
1 0.8617788461538461 0.7103365384615384 0.26742788461538464 0.2668269230769231
1 0.4675480769230769 0.08173076923076923 0.17067307692307693 0.16346153846153846
1 0.125 0.8834134615384616 0.24519230769230768 0.23317307692307693
1 0.44711538461538464 0.8918269230769231 0.22115384615384615 0.21634615384615385
1 0.6478365384615384 0.9002403846153846 0.25721153846153844 0.19951923076923078
1 0.27163461538461536 0.0985576923076923 0.22115384615384615 0.1971153846153846
1 0.7487980769230769 0.24278846153846154 0.23557692307692307 0.21213942307692307
1 0.14543269230769232 0.28365384615384615 0.19891826923076922 0.20252403846153846
1 0.10576923076923077 0.4567307692307692 0.19651442307692307 0.2169471153846154
1 0.4230769230769231 0.46153846153846156 0.2127403846153846 0.22956730769230768