1 0.08349609375 0.5965779467680609 0.1669921875 0.21673003802281368
1 0.07763671875 0.4604562737642586 0.1552734375 0.1726235741444867
1 0.106201171875 0.30684410646387833 0.21240234375 0.19391634980988592
1 0.107666015625 0.17186311787072242 0.21533203125 0.20988593155893537
1 0.091552734375 0.060836501901140684 0.18310546875 0.12167300380228137
1 0.382080078125 0.10076045627376426 0.29443359375 0.20152091254752852
1 0.37890625 0.19163498098859316 0.289306640625 0.2541825095057034
1 0.36572265625 0.3300380228136882 0.2900390625 0.2555133079847909
1 0.554443359375 0.6513307984790875 0.53857421875 0.6973384030418252
1 0.2880859375 0.6136882129277567 0.119384765625 0.14714828897338403
1 0.085205078125 0.8212927756653993 0.03955078125 0.3574144486692015
1 0.029296875 0.835361216730038 0.05859375 0.3155893536121673
1 0.77099609375 0.17490494296577946 0.3623046875 0.2800380228136882
1 0.779296875 0.3155893536121673 0.357421875 0.37889733840304185
1 0.7822265625 0.4448669201520912 0.351806640625 0.3634980988593156
1 0.80078125 0.6076045627376426 0.33984375 0.31140684410646385