1 0.32091346153846156 0.36778846153846156 0.059495192307692304 0.05348557692307692
1 0.3798076923076923 0.3713942307692308 0.05348557692307692 0.049879807692307696
1 0.8088942307692307 0.37740384615384615 0.06430288461538461 0.05709134615384615
1 0.46274038461538464 0.41225961538461536 0.08413461538461539 0.0703125
1 0.5949519230769231 0.4387019230769231 0.1875 0.17487980769230768
1 0.7764423076923077 0.43990384615384615 0.03365384615384615 0.057692307692307696
1 0.9278846153846154 0.47596153846153844 0.06310096153846154 0.08774038461538461
1 0.8617788461538461 0.4987980769230769 0.0655048076923077 0.07932692307692307
1 0.5973557692307693 0.5985576923076923 0.13701923076923078 0.13401442307692307
1 0.46274038461538464 0.6310096153846154 0.12980769230769232 0.12319711538461539
1 0.31490384615384615 0.6658653846153846 0.19290865384615385 0.1580528846153846
1 0.8581730769230769 0.6899038461538461 0.20793269230769232 0.2109375
1 0.6730769230769231 0.6947115384615384 0.17728365384615385 0.1971153846153846
1 0.38461538461538464 0.8329326923076923 0.21213942307692307 0.23557692307692307
1 0.6814903846153846 0.8930288461538461 0.25240384615384615 0.21394230769230768
1 0.47716346153846156 0.9375 0.16105769230769232 0.125