1 0.21394230769230768 0.34134615384615385 0.12139423076923077 0.1544471153846154
1 0.23557692307692307 0.6838942307692307 0.15324519230769232 0.21814903846153846
1 0.2403846153846154 0.49759615384615385 0.1063701923076923 0.16346153846153846
1 0.33533653846153844 0.3233173076923077 0.13701923076923078 0.16105769230769232
1 0.3485576923076923 0.6887019230769231 0.140625 0.19471153846153846
1 0.35336538461538464 0.5 0.13822115384615385 0.17427884615384615
1 0.5721153846153846 0.6706730769230769 0.10516826923076923 0.07632211538461539
1 0.578125 0.5276442307692307 0.10757211538461539 0.06490384615384616
1 0.5805288461538461 0.6033653846153846 0.1268028846153846 0.061899038461538464
1 0.11298076923076923 0.3317307692307692 0.08713942307692307 0.12560096153846154
1 0.1201923076923077 0.6911057692307693 0.1544471153846154 0.21814903846153846
1 0.1201923076923077 0.49399038461538464 0.14002403846153846 0.20853365384615385