1 0.8798076923076923 0.8317307692307693 0.2403846153846154 0.33653846153846156
1 0.6370192307692307 0.8365384615384616 0.24519230769230768 0.3269230769230769
1 0.41225961538461536 0.8389423076923077 0.23317307692307693 0.32211538461538464
1 0.17548076923076922 0.8497596153846154 0.2734375 0.29627403846153844
1 0.6021634615384616 0.14903846153846154 0.2860576923076923 0.2980769230769231
1 0.359375 0.15985576923076922 0.2764423076923077 0.31971153846153844
1 0.8737980769230769 0.15865384615384615 0.25240384615384615 0.28365384615384615
1 0.12139423076923077 0.16826923076923078 0.24278846153846154 0.33653846153846156
1 0.8665865384615384 0.47596153846153844 0.2668269230769231 0.3557692307692308
1 0.6598557692307693 0.49399038461538464 0.2980769230769231 0.3635817307692308
1 0.40024038461538464 0.5228365384615384 0.32872596153846156 0.35396634615384615
1 0.13581730769230768 0.5264423076923077 0.25 0.3076923076923077