1 0.8641826923076923 0.8269230769230769 0.27163461538461536 0.34615384615384615
1 0.6382211538461539 0.8317307692307693 0.2956730769230769 0.33653846153846156
1 0.41225961538461536 0.8365384615384616 0.25240384615384615 0.3269230769230769
1 0.17427884615384615 0.8401442307692307 0.31971153846153844 0.31971153846153844
1 0.6021634615384616 0.14903846153846154 0.2860576923076923 0.2980769230769231
1 0.3605769230769231 0.16346153846153846 0.2980769230769231 0.3269230769230769
1 0.8665865384615384 0.15745192307692307 0.2668269230769231 0.30528846153846156
1 0.11538461538461539 0.16466346153846154 0.22175480769230768 0.3251201923076923
1 0.8701923076923077 0.47716346153846156 0.2548076923076923 0.34435096153846156
1 0.6598557692307693 0.49399038461538464 0.3173076923076923 0.3671875
1 0.40024038461538464 0.5228365384615384 0.31069711538461536 0.34615384615384615
1 0.13822115384615385 0.5252403846153846 0.2764423076923077 0.3245192307692308