1 0.078125 0.6586538461538461 0.14182692307692307 0.20192307692307693
1 0.4074519230769231 0.6742788461538461 0.21634615384615385 0.20192307692307693
1 0.6213942307692307 0.6911057692307693 0.25 0.23798076923076922
1 0.8617788461538461 0.7103365384615384 0.2764423076923077 0.27403846153846156
1 0.4675480769230769 0.08052884615384616 0.1658653846153846 0.16105769230769232
1 0.125 0.8834134615384616 0.24519230769230768 0.23317307692307693
1 0.44591346153846156 0.8930288461538461 0.21875 0.21394230769230768
1 0.6490384615384616 0.9002403846153846 0.25961538461538464 0.19951923076923078
1 0.27283653846153844 0.10336538461538461 0.23798076923076922 0.20673076923076922
1 0.7487980769230769 0.24278846153846154 0.2481971153846154 0.23016826923076922
1 0.14543269230769232 0.28365384615384615 0.17127403846153846 0.1778846153846154
1 0.10576923076923077 0.4567307692307692 0.20612980769230768 0.22596153846153846
1 0.4230769230769231 0.46153846153846156 0.19110576923076922 0.20733173076923078