1 0.078125 0.6574519230769231 0.15625 0.21394230769230768
1 0.4074519230769231 0.6742788461538461 0.19471153846153846 0.17608173076923078
1 0.6213942307692307 0.6911057692307693 0.2421875 0.22776442307692307
1 0.8605769230769231 0.7091346153846154 0.27884615384615385 0.27884615384615385
1 0.4675480769230769 0.07692307692307693 0.15144230769230768 0.15384615384615385
1 0.12379807692307693 0.8822115384615384 0.24759615384615385 0.23557692307692307
1 0.44591346153846156 0.8930288461538461 0.21394230769230768 0.21394230769230768
1 0.6478365384615384 0.8954326923076923 0.2620192307692308 0.2091346153846154
1 0.27163461538461536 0.0985576923076923 0.22596153846153846 0.1971153846153846
1 0.7487980769230769 0.24278846153846154 0.2530048076923077 0.23978365384615385
1 0.14543269230769232 0.28365384615384615 0.1778846153846154 0.18269230769230768
1 0.11177884615384616 0.45552884615384615 0.22355769230769232 0.24759615384615385
1 0.4230769230769231 0.46153846153846156 0.21574519230769232 0.23016826923076922