1 0.21394230769230768 0.34134615384615385 0.0907451923076923 0.14483173076923078
1 0.23557692307692307 0.6838942307692307 0.1484375 0.21935096153846154
1 0.2403846153846154 0.49759615384615385 0.1045673076923077 0.15985576923076922
1 0.33533653846153844 0.3233173076923077 0.12319711538461539 0.15564903846153846
1 0.3485576923076923 0.6887019230769231 0.1310096153846154 0.1971153846153846
1 0.35336538461538464 0.5 0.12920673076923078 0.17427884615384615
1 0.5721153846153846 0.6706730769230769 0.1045673076923077 0.0733173076923077
1 0.578125 0.5276442307692307 0.1123798076923077 0.08954326923076923
1 0.5805288461538461 0.6033653846153846 0.13161057692307693 0.07752403846153846
1 0.11298076923076923 0.3317307692307692 0.1063701923076923 0.12980769230769232
1 0.1201923076923077 0.6911057692307693 0.16286057692307693 0.21814903846153846
1 0.1201923076923077 0.49399038461538464 0.16346153846153846 0.21394230769230768