1 0.34134615384615385 0.7860576923076923 0.1544471153846154 0.11538461538461539
1 0.6838942307692307 0.7644230769230769 0.21935096153846154 0.1484375
1 0.49759615384615385 0.7596153846153846 0.17307692307692307 0.13942307692307693
1 0.3233173076923077 0.6646634615384616 0.16105769230769232 0.13641826923076922
1 0.6887019230769231 0.6514423076923077 0.19050480769230768 0.10036057692307693
1 0.5 0.6466346153846154 0.1736778846153846 0.12560096153846154
1 0.6706730769230769 0.42788461538461536 0.08173076923076923 0.10576923076923077
1 0.5276442307692307 0.421875 0.08653846153846154 0.11298076923076923
1 0.6033653846153846 0.41947115384615385 0.06790865384615384 0.12800480769230768
1 0.3317307692307692 0.8870192307692307 0.13040865384615385 0.10216346153846154
1 0.6911057692307693 0.8798076923076923 0.21454326923076922 0.1622596153846154
1 0.49399038461538464 0.8798076923076923 0.21334134615384615 0.16826923076923078