1 0.8245192307692307 0.3389423076923077 0.125 0.16286057692307693
1 0.8173076923076923 0.47836538461538464 0.11598557692307693 0.12139423076923077
1 0.8173076923076923 0.6177884615384616 0.10096153846153846 0.14783653846153846
1 0.7439903846153846 0.35216346153846156 0.14603365384615385 0.12800480769230768
1 0.7079326923076923 0.49158653846153844 0.17127403846153846 0.1700721153846154
1 0.6983173076923077 0.6646634615384616 0.21814903846153846 0.23858173076923078
1 0.6141826923076923 0.27524038461538464 0.17307692307692307 0.1875
1 0.5324519230769231 0.6971153846153846 0.2481971153846154 0.26802884615384615
1 0.5204326923076923 0.5721153846153846 0.17067307692307693 0.2548076923076923
1 0.49278846153846156 0.24879807692307693 0.22536057692307693 0.22896634615384615
1 0.3798076923076923 0.7692307692307693 0.31850961538461536 0.2800480769230769
1 0.3701923076923077 0.41466346153846156 0.2938701923076923 0.28365384615384615
1 0.3329326923076923 0.6189903846153846 0.2049278846153846 0.21334134615384615
1 0.27403846153846156 0.2512019230769231 0.21033653846153846 0.1796875
1 0.15625 0.7427884615384616 0.3125 0.34134615384615385
1 0.13221153846153846 0.16466346153846154 0.2644230769230769 0.2764423076923077
1 0.1346153846153846 0.4266826923076923 0.2692307692307692 0.31971153846153844