1 0.8245192307692307 0.3389423076923077 0.125 0.16286057692307693
1 0.8173076923076923 0.47836538461538464 0.09735576923076923 0.109375
1 0.8173076923076923 0.6177884615384616 0.11658653846153846 0.1502403846153846
1 0.7439903846153846 0.35216346153846156 0.15384615384615385 0.14122596153846154
1 0.7079326923076923 0.49158653846153844 0.14603365384615385 0.14122596153846154
1 0.6983173076923077 0.6646634615384616 0.19050480769230768 0.21935096153846154
1 0.6141826923076923 0.27524038461538464 0.15384615384615385 0.17307692307692307
1 0.5324519230769231 0.6971153846153846 0.28365384615384615 0.2980769230769231
1 0.5204326923076923 0.5721153846153846 0.13221153846153846 0.24519230769230768
1 0.49278846153846156 0.24879807692307693 0.21754807692307693 0.22415865384615385
1 0.3798076923076923 0.7692307692307693 0.31850961538461536 0.28305288461538464
1 0.3701923076923077 0.41466346153846156 0.2590144230769231 0.24278846153846154
1 0.3329326923076923 0.6189903846153846 0.22896634615384615 0.23557692307692307
1 0.27403846153846156 0.2512019230769231 0.23137019230769232 0.20973557692307693
1 0.1622596153846154 0.7427884615384616 0.3245192307692308 0.3605769230769231
1 0.12379807692307693 0.16466346153846154 0.24759615384615385 0.24278846153846154
1 0.12980769230769232 0.4266826923076923 0.25961538461538464 0.31490384615384615