1 0.8245192307692307 0.3389423076923077 0.13822115384615385 0.16346153846153846
1 0.8173076923076923 0.47836538461538464 0.11658653846153846 0.12439903846153846
1 0.8173076923076923 0.6177884615384616 0.08653846153846154 0.13942307692307693
1 0.7439903846153846 0.35216346153846156 0.15084134615384615 0.1346153846153846
1 0.7079326923076923 0.49158653846153844 0.17067307692307693 0.16826923076923078
1 0.6983173076923077 0.6646634615384616 0.20673076923076922 0.2325721153846154
1 0.6141826923076923 0.27524038461538464 0.18269230769230768 0.19471153846153846
1 0.5324519230769231 0.6971153846153846 0.2956730769230769 0.30709134615384615
1 0.5204326923076923 0.5721153846153846 0.17067307692307693 0.2548076923076923
1 0.49278846153846156 0.24879807692307693 0.22175480769230768 0.22776442307692307
1 0.3798076923076923 0.7692307692307693 0.31850961538461536 0.28305288461538464
1 0.3701923076923077 0.41466346153846156 0.29867788461538464 0.28846153846153844
1 0.3329326923076923 0.6189903846153846 0.23557692307692307 0.2403846153846154
1 0.27403846153846156 0.2512019230769231 0.23197115384615385 0.21454326923076922
1 0.14903846153846154 0.7427884615384616 0.2980769230769231 0.3125
1 0.12980769230769232 0.16466346153846154 0.25961538461538464 0.2668269230769231
1 0.12620192307692307 0.4266826923076923 0.25240384615384615 0.30528846153846156