1 0.3389423076923077 0.17548076923076922 0.15745192307692307 0.11478365384615384
1 0.47836538461538464 0.18269230769230768 0.12439903846153846 0.11658653846153846
1 0.6177884615384616 0.18269230769230768 0.14963942307692307 0.11959134615384616
1 0.35216346153846156 0.25600961538461536 0.1424278846153846 0.15564903846153846
1 0.49158653846153844 0.2920673076923077 0.16045673076923078 0.16346153846153846
1 0.6646634615384616 0.3016826923076923 0.2283653846153846 0.20432692307692307
1 0.27524038461538464 0.3858173076923077 0.18269230769230768 0.1658653846153846
1 0.6971153846153846 0.4675480769230769 0.2980769230769231 0.2854567307692308
1 0.5721153846153846 0.4795673076923077 0.24459134615384615 0.12980769230769232
1 0.24879807692307693 0.5072115384615384 0.20432692307692307 0.19771634615384615
1 0.7692307692307693 0.6201923076923077 0.2704326923076923 0.3215144230769231
1 0.41466346153846156 0.6298076923076923 0.2644230769230769 0.27884615384615385
1 0.6189903846153846 0.6670673076923077 0.24519230769230768 0.2421875
1 0.2512019230769231 0.7259615384615384 0.2091346153846154 0.23137019230769232
1 0.7427884615384616 0.8365384615384616 0.3605769230769231 0.3269230769230769
1 0.16466346153846154 0.8689903846153846 0.2668269230769231 0.2620192307692308
1 0.42788461538461536 0.8774038461538461 0.28846153846153844 0.24519230769230768