1 0.34134615384615385 0.7860576923076923 0.15324519230769232 0.10516826923076923
1 0.6838942307692307 0.7644230769230769 0.22115384615384615 0.13942307692307693
1 0.49759615384615385 0.7596153846153846 0.17247596153846154 0.125
1 0.3233173076923077 0.6646634615384616 0.16105769230769232 0.13762019230769232
1 0.6887019230769231 0.6514423076923077 0.1971153846153846 0.12920673076923078
1 0.5 0.6466346153846154 0.17427884615384615 0.12980769230769232
1 0.6706730769230769 0.42788461538461536 0.06790865384615384 0.10096153846153846
1 0.5276442307692307 0.421875 0.08954326923076923 0.1123798076923077
1 0.6033653846153846 0.41947115384615385 0.0829326923076923 0.13161057692307693
1 0.3317307692307692 0.8870192307692307 0.125 0.0859375
1 0.6911057692307693 0.8798076923076923 0.21394230769230768 0.171875
1 0.49399038461538464 0.8798076923076923 0.19951923076923078 0.125