1 0.08251953125 0.5965779467680609 0.1650390625 0.20456273764258556
1 0.0810546875 0.46083650190114067 0.162109375 0.20836501901140683
1 0.106689453125 0.30684410646387833 0.21337890625 0.2532319391634981
1 0.107421875 0.1714828897338403 0.21484375 0.20304182509505703
1 0.091552734375 0.061596958174904945 0.18310546875 0.12319391634980989
1 0.382080078125 0.10266159695817491 0.29248046875 0.20532319391634982
1 0.37890625 0.19163498098859316 0.2891845703125 0.2650190114068441
1 0.36572265625 0.3300380228136882 0.289794921875 0.26425855513307983
1 0.5546875 0.6714828897338403 0.4884033203125 0.6277566539923954
1 0.2880859375 0.6136882129277567 0.1160888671875 0.13517110266159696
1 0.085205078125 0.8216730038022814 0.09423828125 0.3361216730038023
1 0.04052734375 0.8357414448669201 0.0810546875 0.2980988593155893
1 0.770751953125 0.18136882129277568 0.35009765625 0.36273764258555136
1 0.779296875 0.3155893536121673 0.37109375 0.34372623574144484
1 0.7822265625 0.4448669201520912 0.36328125 0.32661596958174904
1 0.80078125 0.6076045627376426 0.333984375 0.2005703422053232