1 0.8245192307692307 0.3389423076923077 0.12079326923076923 0.15925480769230768
1 0.8173076923076923 0.47836538461538464 0.11959134615384616 0.12439903846153846
1 0.8173076923076923 0.6177884615384616 0.09495192307692307 0.14362980769230768
1 0.7439903846153846 0.35216346153846156 0.13762019230769232 0.1201923076923077
1 0.7079326923076923 0.49158653846153844 0.17067307692307693 0.16826923076923078
1 0.6983173076923077 0.6646634615384616 0.20973557692307693 0.23377403846153846
1 0.6141826923076923 0.27524038461538464 0.18088942307692307 0.19411057692307693
1 0.5324519230769231 0.6971153846153846 0.25240384615384615 0.2698317307692308
1 0.5204326923076923 0.5721153846153846 0.13221153846153846 0.24519230769230768
1 0.49278846153846156 0.24879807692307693 0.1971153846153846 0.20372596153846154
1 0.3798076923076923 0.7692307692307693 0.3215144230769231 0.27403846153846156
1 0.3701923076923077 0.41466346153846156 0.2980769230769231 0.28665865384615385
1 0.3329326923076923 0.6189903846153846 0.20973557692307693 0.21814903846153846
1 0.27403846153846156 0.2512019230769231 0.2127403846153846 0.18269230769230768
1 0.15985576923076922 0.7427884615384616 0.31971153846153844 0.35096153846153844
1 0.13341346153846154 0.16466346153846154 0.2668269230769231 0.28125
1 0.13341346153846154 0.4266826923076923 0.2668269230769231 0.31971153846153844