1 0.32091346153846156 0.36778846153846156 0.0625 0.05829326923076923
1 0.3798076923076923 0.3713942307692308 0.056490384615384616 0.05048076923076923
1 0.8088942307692307 0.37740384615384615 0.06430288461538461 0.05709134615384615
1 0.46274038461538464 0.41225961538461536 0.07992788461538461 0.06009615384615385
1 0.5949519230769231 0.4387019230769231 0.1700721153846154 0.15144230769230768
1 0.7764423076923077 0.43990384615384615 0.04326923076923077 0.061899038461538464
1 0.9278846153846154 0.47596153846153844 0.07632211538461539 0.09555288461538461
1 0.8617788461538461 0.4987980769230769 0.06490384615384616 0.07932692307692307
1 0.5973557692307693 0.5985576923076923 0.12319711538461539 0.1201923076923077
1 0.46274038461538464 0.6310096153846154 0.12800480769230768 0.1219951923076923
1 0.31490384615384615 0.6658653846153846 0.19230769230769232 0.1544471153846154
1 0.8581730769230769 0.6899038461538461 0.21213942307692307 0.21514423076923078
1 0.6730769230769231 0.6947115384615384 0.17307692307692307 0.19591346153846154
1 0.38461538461538464 0.8329326923076923 0.22115384615384615 0.23737980769230768
1 0.6826923076923077 0.8930288461538461 0.25 0.21394230769230768
1 0.47716346153846156 0.9338942307692307 0.1658653846153846 0.13221153846153846