1 0.3389423076923077 0.17548076923076922 0.16286057692307693 0.125
1 0.47836538461538464 0.18269230769230768 0.11117788461538461 0.1045673076923077
1 0.6177884615384616 0.18269230769230768 0.14423076923076922 0.09615384615384616
1 0.35216346153846156 0.25600961538461536 0.1328125 0.14903846153846154
1 0.49158653846153844 0.2920673076923077 0.15685096153846154 0.16105769230769232
1 0.6646634615384616 0.3016826923076923 0.22295673076923078 0.1971153846153846
1 0.27524038461538464 0.3858173076923077 0.1953125 0.18449519230769232
1 0.6971153846153846 0.4675480769230769 0.28305288461538464 0.26622596153846156
1 0.5721153846153846 0.4795673076923077 0.2512019230769231 0.15564903846153846
1 0.24879807692307693 0.5072115384615384 0.23076923076923078 0.2265625
1 0.7692307692307693 0.6201923076923077 0.27944711538461536 0.3215144230769231
1 0.41466346153846156 0.6298076923076923 0.27584134615384615 0.2878605769230769
1 0.6189903846153846 0.6670673076923077 0.21875 0.21334134615384615
1 0.2512019230769231 0.7259615384615384 0.18028846153846154 0.2109375
1 0.7427884615384616 0.8389423076923077 0.3557692307692308 0.32211538461538464
1 0.1658653846153846 0.8737980769230769 0.24519230769230768 0.25240384615384615
1 0.4266826923076923 0.8653846153846154 0.31971153846153844 0.2692307692307692