1 0.8701923076923077 0.8269230769230769 0.25961538461538464 0.34615384615384615
1 0.6370192307692307 0.8329326923076923 0.27403846153846156 0.33413461538461536
1 0.41225961538461536 0.8401442307692307 0.22355769230769232 0.31971153846153844
1 0.17427884615384615 0.8401442307692307 0.3245192307692308 0.31971153846153844
1 0.6021634615384616 0.14423076923076922 0.2620192307692308 0.28846153846153844
1 0.359375 0.16105769230769232 0.28125 0.32211538461538464
1 0.8617788461538461 0.15745192307692307 0.2764423076923077 0.31490384615384615
1 0.11778846153846154 0.1658653846153846 0.23557692307692307 0.3317307692307692
1 0.8689903846153846 0.47596153846153844 0.2620192307692308 0.35096153846153844
1 0.6598557692307693 0.49399038461538464 0.30528846153846156 0.3671875
1 0.40024038461538464 0.5228365384615384 0.2860576923076923 0.3269230769230769
1 0.13581730769230768 0.5264423076923077 0.23317307692307693 0.29447115384615385