1 0.34134615384615385 0.7860576923076923 0.1544471153846154 0.11057692307692307
1 0.6838942307692307 0.7644230769230769 0.22115384615384615 0.13401442307692307
1 0.49759615384615385 0.7596153846153846 0.17247596153846154 0.125
1 0.3233173076923077 0.6646634615384616 0.16105769230769232 0.13701923076923078
1 0.6887019230769231 0.6514423076923077 0.1971153846153846 0.12439903846153846
1 0.5 0.6466346153846154 0.16286057692307693 0.10096153846153846
1 0.6706730769230769 0.42788461538461536 0.06670673076923077 0.10036057692307693
1 0.5276442307692307 0.421875 0.07391826923076923 0.11057692307692307
1 0.6033653846153846 0.41947115384615385 0.06670673076923077 0.12800480769230768
1 0.3317307692307692 0.8870192307692307 0.12980769230769232 0.09975961538461539
1 0.6911057692307693 0.8798076923076923 0.20432692307692307 0.12920673076923078
1 0.49399038461538464 0.8798076923076923 0.21153846153846154 0.171875