1 0.17548076923076922 0.6610576923076923 0.1310096153846154 0.16346153846153846
1 0.18269230769230768 0.5216346153846154 0.10697115384615384 0.11598557692307693
1 0.18269230769230768 0.38221153846153844 0.09194711538461539 0.14362980769230768
1 0.25600961538461536 0.6478365384615384 0.15144230769230768 0.13701923076923078
1 0.2920673076923077 0.5084134615384616 0.16105769230769232 0.15685096153846154
1 0.3016826923076923 0.33533653846153844 0.21814903846153846 0.23737980769230768
1 0.3858173076923077 0.7247596153846154 0.18509615384615385 0.1953125
1 0.4675480769230769 0.30288461538461536 0.28125 0.296875
1 0.4795673076923077 0.42788461538461536 0.14423076923076922 0.24939903846153846
1 0.5072115384615384 0.7512019230769231 0.20192307692307693 0.2091346153846154
1 0.6201923076923077 0.23076923076923078 0.3215144230769231 0.27403846153846156
1 0.6298076923076923 0.5853365384615384 0.26502403846153844 0.25180288461538464
1 0.6670673076923077 0.38100961538461536 0.2421875 0.24699519230769232
1 0.7259615384615384 0.7487980769230769 0.22235576923076922 0.1953125
1 0.8377403846153846 0.25600961538461536 0.3245192307692308 0.3581730769230769
1 0.8689903846153846 0.8341346153846154 0.2620192307692308 0.2644230769230769
1 0.8725961538461539 0.5721153846153846 0.2548076923076923 0.30288461538461536