1 0.08173076923076923 0.6574519230769231 0.16346153846153846 0.21875
1 0.4074519230769231 0.6742788461538461 0.21334134615384615 0.1971153846153846
1 0.6213942307692307 0.6911057692307693 0.25240384615384615 0.2403846153846154
1 0.8617788461538461 0.7103365384615384 0.25721153846153844 0.2548076923076923
1 0.4675480769230769 0.0829326923076923 0.17548076923076922 0.1658653846153846
1 0.12379807692307693 0.8858173076923077 0.23317307692307693 0.2283653846153846
1 0.44591346153846156 0.8978365384615384 0.19471153846153846 0.20432692307692307
1 0.6490384615384616 0.8966346153846154 0.2644230769230769 0.20673076923076922
1 0.27283653846153844 0.09735576923076923 0.21875 0.19471153846153846
1 0.7487980769230769 0.24278846153846154 0.25 0.23076923076923078
1 0.14543269230769232 0.28365384615384615 0.20372596153846154 0.20733173076923078
1 0.10697115384615384 0.45552884615384615 0.21394230769230768 0.23798076923076922
1 0.4230769230769231 0.46153846153846156 0.2265625 0.2361778846153846