1 0.08052884615384616 0.6574519230769231 0.16105769230769232 0.21875
1 0.4074519230769231 0.6742788461538461 0.1971153846153846 0.1796875
1 0.6213942307692307 0.6911057692307693 0.2403846153846154 0.22596153846153846
1 0.8617788461538461 0.7103365384615384 0.2530048076923077 0.25240384615384615
1 0.4675480769230769 0.07932692307692307 0.16105769230769232 0.15865384615384615
1 0.12379807692307693 0.8834134615384616 0.24278846153846154 0.23317307692307693
1 0.44591346153846156 0.8918269230769231 0.22355769230769232 0.21634615384615385
1 0.6490384615384616 0.9074519230769231 0.23918269230769232 0.1796875
1 0.27163461538461536 0.1045673076923077 0.2403846153846154 0.2091346153846154
1 0.7487980769230769 0.24278846153846154 0.24338942307692307 0.22175480769230768
1 0.14543269230769232 0.28365384615384615 0.20372596153846154 0.20733173076923078
1 0.10576923076923077 0.4567307692307692 0.1971153846153846 0.21995192307692307
1 0.4230769230769231 0.46153846153846156 0.2127403846153846 0.2265625