1 0.6165865384615384 0.3401442307692308 0.13701923076923078 0.4296875
1 0.5324519230769231 0.35336538461538464 0.1856971153846154 0.38040865384615385
1 0.2800480769230769 0.17067307692307693 0.14723557692307693 0.1310096153846154
1 0.27403846153846156 0.2800480769230769 0.14302884615384615 0.09435096153846154
1 0.19831730769230768 0.375 0.14122596153846154 0.13521634615384615
1 0.1875 0.15504807692307693 0.11117788461538461 0.09314903846153846
1 0.18389423076923078 0.25961538461538464 0.11838942307692307 0.1015625
1 0.9038461538461539 0.33653846153846156 0.15504807692307693 0.3269230769230769
1 0.8737980769230769 0.7043269230769231 0.11838942307692307 0.3605769230769231
1 0.8197115384615384 0.3329326923076923 0.14002403846153846 0.42007211538461536
1 0.8088942307692307 0.6947115384615384 0.14122596153846154 0.34194711538461536
1 0.7331730769230769 0.3389423076923077 0.17848557692307693 0.42247596153846156