1 0.9338942307692307 0.6754807692307693 0.13221153846153846 0.35096153846153844
1 0.13701923076923078 0.3161057692307692 0.17908653846153846 0.34375
1 0.21514423076923078 0.6502403846153846 0.1171875 0.2764423076923077
1 0.265625 0.31490384615384615 0.14423076923076922 0.36177884615384615
1 0.38100961538461536 0.3245192307692308 0.1700721153846154 0.34555288461538464
1 0.5072115384615384 0.640625 0.22115384615384615 0.32211538461538464
1 0.5492788461538461 0.28365384615384615 0.10757211538461539 0.3407451923076923
1 0.6682692307692307 0.6322115384615384 0.21033653846153846 0.30709134615384615
1 0.6730769230769231 0.3737980769230769 0.203125 0.21875
1 0.6814903846153846 0.19591346153846154 0.17307692307692307 0.17307692307692307
1 0.7884615384615384 0.6538461538461539 0.22115384615384615 0.33533653846153844
1 0.7944711538461539 0.328125 0.17067307692307693 0.3347355769230769
1 0.8533653846153846 0.06610576923076923 0.18269230769230768 0.13221153846153846
1 0.8942307692307693 0.30288461538461536 0.1814903846153846 0.3840144230769231