1 0.5300480769230769 0.40865384615384615 0.2403846153846154 0.19230769230769232
1 0.8521634615384616 0.43990384615384615 0.29086538461538464 0.26021634615384615
1 0.1502403846153846 0.46153846153846156 0.2770432692307692 0.18810096153846154
1 0.5324519230769231 0.546875 0.2325721153846154 0.16646634615384615
1 0.8497596153846154 0.5769230769230769 0.21814903846153846 0.203125
1 0.16346153846153846 0.609375 0.2746394230769231 0.15865384615384615
1 0.8497596153846154 0.7536057692307693 0.3004807692307692 0.20432692307692307
1 0.16826923076923078 0.7632211538461539 0.24579326923076922 0.13221153846153846
1 0.5456730769230769 0.7632211538461539 0.26322115384615385 0.1268028846153846
1 0.5300480769230769 0.875 0.28846153846153844 0.15865384615384615
1 0.16826923076923078 0.8762019230769231 0.3082932692307692 0.15865384615384615
1 0.8569711538461539 0.8894230769230769 0.2860576923076923 0.22115384615384615