1 0.6165865384615384 0.3401442307692308 0.1658653846153846 0.43509615384615385
1 0.5324519230769231 0.35336538461538464 0.14182692307692307 0.37439903846153844
1 0.2800480769230769 0.17067307692307693 0.14723557692307693 0.1346153846153846
1 0.27403846153846156 0.2800480769230769 0.14543269230769232 0.11358173076923077
1 0.19831730769230768 0.375 0.14423076923076922 0.13942307692307693
1 0.1875 0.15504807692307693 0.1141826923076923 0.09795673076923077
1 0.18389423076923078 0.25961538461538464 0.10877403846153846 0.08653846153846154
1 0.9038461538461539 0.33653846153846156 0.18810096153846154 0.32271634615384615
1 0.8737980769230769 0.7043269230769231 0.11298076923076923 0.36117788461538464
1 0.8197115384615384 0.3329326923076923 0.17307692307692307 0.42007211538461536
1 0.8088942307692307 0.6947115384615384 0.12980769230769232 0.34555288461538464
1 0.7331730769230769 0.3389423076923077 0.1971153846153846 0.4188701923076923