1 0.9230769230769231 0.6754807692307693 0.15384615384615385 0.33653846153846156
1 0.13701923076923078 0.3161057692307692 0.19290865384615385 0.3485576923076923
1 0.21514423076923078 0.6502403846153846 0.13762019230769232 0.28365384615384615
1 0.265625 0.31490384615384615 0.16165865384615385 0.36177884615384615
1 0.38100961538461536 0.3245192307692308 0.1658653846153846 0.34615384615384615
1 0.5072115384615384 0.640625 0.20252403846153846 0.3245192307692308
1 0.5492788461538461 0.28365384615384615 0.1893028846153846 0.31790865384615385
1 0.6682692307692307 0.6322115384615384 0.22115384615384615 0.3016826923076923
1 0.6730769230769231 0.3737980769230769 0.21033653846153846 0.22295673076923078
1 0.6814903846153846 0.19591346153846154 0.16346153846153846 0.16346153846153846
1 0.7884615384615384 0.6538461538461539 0.1580528846153846 0.34555288461538464
1 0.7944711538461539 0.328125 0.14603365384615385 0.34134615384615385
1 0.8545673076923077 0.07091346153846154 0.19471153846153846 0.14182692307692307
1 0.8942307692307693 0.30288461538461536 0.1971153846153846 0.37439903846153844