1 0.5300480769230769 0.40865384615384615 0.24338942307692307 0.1971153846153846
1 0.8521634615384616 0.43990384615384615 0.27163461538461536 0.21574519230769232
1 0.1502403846153846 0.46153846153846156 0.2764423076923077 0.1971153846153846
1 0.5324519230769231 0.546875 0.2325721153846154 0.10396634615384616
1 0.8497596153846154 0.5769230769230769 0.19471153846153846 0.17307692307692307
1 0.16346153846153846 0.609375 0.27403846153846156 0.14603365384615385
1 0.8497596153846154 0.7536057692307693 0.3004807692307692 0.21394230769230768
1 0.16826923076923078 0.7632211538461539 0.2548076923076923 0.17067307692307693
1 0.5456730769230769 0.7632211538461539 0.26322115384615385 0.1328125
1 0.5300480769230769 0.875 0.3046875 0.2205528846153846
1 0.16826923076923078 0.8762019230769231 0.3076923076923077 0.15144230769230768
1 0.8605769230769231 0.8930288461538461 0.27884615384615385 0.1658653846153846