1 0.5300480769230769 0.40865384615384615 0.23858173076923078 0.19110576923076922
1 0.8521634615384616 0.43990384615384615 0.29146634615384615 0.2542067307692308
1 0.1502403846153846 0.46153846153846156 0.2644230769230769 0.14002403846153846
1 0.5324519230769231 0.546875 0.2403846153846154 0.13942307692307693
1 0.8497596153846154 0.5769230769230769 0.21634615384615385 0.20192307692307693
1 0.16346153846153846 0.609375 0.2746394230769231 0.15564903846153846
1 0.8509615384615384 0.7536057692307693 0.2980769230769231 0.19471153846153846
1 0.16826923076923078 0.7632211538461539 0.25060096153846156 0.18269230769230768
1 0.5456730769230769 0.7632211538461539 0.2590144230769231 0.15685096153846154
1 0.5300480769230769 0.875 0.29627403846153844 0.17728365384615385
1 0.16826923076923078 0.8762019230769231 0.30649038461538464 0.13942307692307693
1 0.8581730769230769 0.8930288461538461 0.28365384615384615 0.19471153846153846