1 0.5552884615384616 0.8569711538461539 0.15925480769230768 0.16045673076923078
1 0.5492788461538461 0.5769230769230769 0.31009615384615385 0.5150240384615384
1 0.4375 0.9050480769230769 0.1736778846153846 0.15384615384615385
1 0.3870192307692308 0.34375 0.16706730769230768 0.14362980769230768
1 0.37740384615384615 0.6682692307692307 0.36177884615384615 0.5372596153846154
1 0.30408653846153844 0.4675480769230769 0.21153846153846154 0.1971153846153846
1 0.24639423076923078 0.9050480769230769 0.25180288461538464 0.15865384615384615
1 0.22235576923076922 0.7860576923076923 0.18509615384615385 0.17728365384615385
1 0.17548076923076922 0.6213942307692307 0.22596153846153846 0.17127403846153846
1 0.15985576923076922 0.44591346153846156 0.20673076923076922 0.20973557692307693
1 0.7956730769230769 0.6189903846153846 0.17668269230769232 0.15084134615384615
1 0.7932692307692307 0.2644230769230769 0.1971153846153846 0.17848557692307693
1 0.7776442307692307 0.36177884615384615 0.1953125 0.16346153846153846
1 0.7752403846153846 0.7596153846153846 0.21153846153846154 0.15384615384615385
1 0.7067307692307693 0.4951923076923077 0.14423076923076922 0.1346153846153846
1 0.6694711538461539 0.6442307692307693 0.10276442307692307 0.14423076923076922
1 0.6538461538461539 0.21875 0.19230769230769232 0.17848557692307693