1 0.9350961538461539 0.6754807692307693 0.12980769230769232 0.35096153846153844
1 0.13701923076923078 0.3161057692307692 0.24579326923076922 0.3527644230769231
1 0.21514423076923078 0.6502403846153846 0.1328125 0.28185096153846156
1 0.265625 0.31490384615384615 0.11778846153846154 0.359375
1 0.38100961538461536 0.3245192307692308 0.0985576923076923 0.34194711538461536
1 0.5072115384615384 0.640625 0.22115384615384615 0.32211538461538464
1 0.5492788461538461 0.28365384615384615 0.1424278846153846 0.33774038461538464
1 0.6682692307692307 0.6322115384615384 0.16887019230769232 0.3034855769230769
1 0.6730769230769231 0.3737980769230769 0.21574519230769232 0.22415865384615385
1 0.6814903846153846 0.19591346153846154 0.15625 0.15625
1 0.7884615384615384 0.6538461538461539 0.19110576923076922 0.34615384615384615
1 0.7944711538461539 0.328125 0.09615384615384616 0.33834134615384615
1 0.8545673076923077 0.07451923076923077 0.19951923076923078 0.14903846153846154
1 0.8942307692307693 0.30288461538461536 0.20252403846153846 0.36959134615384615