1 0.171875 0.8004807692307693 0.31009615384615385 0.1971153846153846
1 0.8221153846153846 0.7463942307692307 0.34194711538461536 0.17067307692307693
1 0.5084134615384616 0.7247596153846154 0.29507211538461536 0.22596153846153846
1 0.4963942307692308 0.49399038461538464 0.31069711538461536 0.27884615384615385
1 0.8377403846153846 0.49158653846153844 0.3245192307692308 0.31009615384615385
1 0.1814903846153846 0.4795673076923077 0.3629807692307692 0.3629807692307692
1 0.828125 0.16947115384615385 0.34375 0.30528846153846156
1 0.1778846153846154 0.171875 0.3557692307692308 0.34375
1 0.8257211538461539 0.9002403846153846 0.3485576923076923 0.19951923076923078
1 0.41225961538461536 0.11177884615384616 0.13161057692307693 0.21935096153846154
1 0.5012019230769231 0.09134615384615384 0.11298076923076923 0.18269230769230768
1 0.6189903846153846 0.08533653846153846 0.13701923076923078 0.17067307692307693
1 0.4891826923076923 0.8617788461538461 0.3191105769230769 0.16526442307692307