1 0.171875 0.8004807692307693 0.3239182692307692 0.22115384615384615
1 0.8221153846153846 0.7463942307692307 0.33533653846153844 0.2091346153846154
1 0.5084134615384616 0.7247596153846154 0.2932692307692308 0.22776442307692307
1 0.4963942307692308 0.49399038461538464 0.31971153846153844 0.28846153846153844
1 0.8365384615384616 0.49038461538461536 0.3269230769230769 0.3269230769230769
1 0.17548076923076922 0.47836538461538464 0.35096153846153844 0.3317307692307692
1 0.8293269230769231 0.16947115384615385 0.34134615384615385 0.29086538461538464
1 0.1778846153846154 0.171875 0.3557692307692308 0.34375
1 0.8257211538461539 0.9026442307692307 0.3485576923076923 0.19471153846153846
1 0.4110576923076923 0.11177884615384616 0.1201923076923077 0.22355769230769232
1 0.5012019230769231 0.09375 0.1466346153846154 0.1875
1 0.6189903846153846 0.08533653846153846 0.13701923076923078 0.17067307692307693
1 0.4891826923076923 0.8617788461538461 0.3094951923076923 0.12740384615384615