1 0.171875 0.8004807692307693 0.33413461538461536 0.2590144230769231
1 0.8221153846153846 0.7463942307692307 0.33774038461538464 0.20012019230769232
1 0.5084134615384616 0.7247596153846154 0.2980769230769231 0.20673076923076922
1 0.4963942307692308 0.49399038461538464 0.3317307692307692 0.30288461538461536
1 0.8461538461538461 0.49158653846153844 0.30709134615384615 0.27163461538461536
1 0.18028846153846154 0.47836538461538464 0.3605769230769231 0.3557692307692308
1 0.8269230769230769 0.17067307692307693 0.34615384615384615 0.3125
1 0.17668269230769232 0.17067307692307693 0.35336538461538464 0.34134615384615385
1 0.8257211538461539 0.9002403846153846 0.3485576923076923 0.19951923076923078
1 0.41225961538461536 0.11177884615384616 0.08413461538461539 0.22355769230769232
1 0.5012019230769231 0.09254807692307693 0.12259615384615384 0.18509615384615385
1 0.6201923076923077 0.08533653846153846 0.125 0.17067307692307693
1 0.4891826923076923 0.8617788461538461 0.3125 0.20192307692307693