1 0.5300480769230769 0.40865384615384615 0.2530048076923077 0.21634615384615385
1 0.8521634615384616 0.43990384615384615 0.2902644230769231 0.24639423076923078
1 0.1502403846153846 0.46153846153846156 0.27403846153846156 0.20192307692307693
1 0.5324519230769231 0.546875 0.23557692307692307 0.11358173076923077
1 0.8497596153846154 0.5769230769230769 0.19411057692307693 0.17247596153846154
1 0.16346153846153846 0.609375 0.2746394230769231 0.17067307692307693
1 0.8497596153846154 0.7536057692307693 0.3004807692307692 0.2091346153846154
1 0.16826923076923078 0.7632211538461539 0.25060096153846156 0.18449519230769232
1 0.5456730769230769 0.7632211538461539 0.26322115384615385 0.13942307692307693
1 0.5300480769230769 0.875 0.3046875 0.22115384615384615
1 0.16826923076923078 0.8762019230769231 0.3088942307692308 0.16346153846153846
1 0.8581730769230769 0.8942307692307693 0.28365384615384615 0.19230769230769232