1 0.3401442307692308 0.38341346153846156 0.43509615384615385 0.16165865384615385
1 0.35336538461538464 0.4675480769230769 0.3798076923076923 0.1778846153846154
1 0.17067307692307693 0.7199519230769231 0.13521634615384615 0.14723557692307693
1 0.2800480769230769 0.7259615384615384 0.09615384615384616 0.14362980769230768
1 0.375 0.8016826923076923 0.12920673076923078 0.1346153846153846
1 0.15504807692307693 0.8125 0.08653846153846154 0.10697115384615384
1 0.25961538461538464 0.8161057692307693 0.10576923076923077 0.11838942307692307
1 0.33653846153846156 0.09615384615384616 0.32572115384615385 0.18689903846153846
1 0.7043269230769231 0.12620192307692307 0.3557692307692308 0.1346153846153846
1 0.3329326923076923 0.18028846153846154 0.4104567307692308 0.21213942307692307
1 0.6947115384615384 0.19110576923076922 0.3359375 0.15865384615384615
1 0.3389423076923077 0.2668269230769231 0.4188701923076923 0.19831730769230768