1 0.5300480769230769 0.40865384615384615 0.2530048076923077 0.22596153846153846
1 0.8521634615384616 0.43990384615384615 0.25961538461538464 0.19771634615384615
1 0.1502403846153846 0.46153846153846156 0.26622596153846156 0.14362980769230768
1 0.5324519230769231 0.546875 0.2403846153846154 0.14182692307692307
1 0.8497596153846154 0.5769230769230769 0.21814903846153846 0.20612980769230768
1 0.16346153846153846 0.609375 0.2734375 0.18028846153846154
1 0.8509615384615384 0.7536057692307693 0.2980769230769231 0.18990384615384615
1 0.16826923076923078 0.7632211538461539 0.25 0.14182692307692307
1 0.5456730769230769 0.7632211538461539 0.25961538461538464 0.11057692307692307
1 0.5300480769230769 0.875 0.3010817307692308 0.19290865384615385
1 0.16826923076923078 0.8762019230769231 0.29867788461538464 0.20853365384615385
1 0.8569711538461539 0.8930288461538461 0.2860576923076923 0.19951923076923078