1 0.171875 0.8004807692307693 0.3245192307692308 0.2247596153846154
1 0.8221153846153846 0.7463942307692307 0.3317307692307692 0.21394230769230768
1 0.5084134615384616 0.7247596153846154 0.2956730769230769 0.22295673076923078
1 0.4963942307692308 0.49399038461538464 0.3527644230769231 0.32992788461538464
1 0.8365384615384616 0.49038461538461536 0.3269230769230769 0.3173076923076923
1 0.1814903846153846 0.4795673076923077 0.3629807692307692 0.3629807692307692
1 0.8293269230769231 0.16947115384615385 0.34134615384615385 0.29086538461538464
1 0.16947115384615385 0.16346153846153846 0.3389423076923077 0.3269230769230769
1 0.8257211538461539 0.9014423076923077 0.3485576923076923 0.1971153846153846
1 0.41225961538461536 0.11177884615384616 0.0751201923076923 0.22115384615384615
1 0.5012019230769231 0.09134615384615384 0.11778846153846154 0.18269230769230768
1 0.6189903846153846 0.08533653846153846 0.12740384615384615 0.17067307692307693
1 0.4891826923076923 0.8617788461538461 0.3173076923076923 0.19050480769230768