1 0.171875 0.8004807692307693 0.33413461538461536 0.25600961538461536
1 0.8221153846153846 0.7463942307692307 0.33533653846153844 0.21153846153846154
1 0.5084134615384616 0.7247596153846154 0.2956730769230769 0.19230769230769232
1 0.4963942307692308 0.49399038461538464 0.35336538461538464 0.33353365384615385
1 0.8365384615384616 0.49038461538461536 0.3269230769230769 0.32211538461538464
1 0.1814903846153846 0.47836538461538464 0.3629807692307692 0.36538461538461536
1 0.8269230769230769 0.16947115384615385 0.34615384615384615 0.31490384615384615
1 0.1778846153846154 0.171875 0.3557692307692308 0.34375
1 0.8257211538461539 0.9002403846153846 0.3485576923076923 0.19951923076923078
1 0.4110576923076923 0.11177884615384616 0.09615384615384616 0.22355769230769232
1 0.5012019230769231 0.09375 0.15144230769230768 0.1875
1 0.6189903846153846 0.08533653846153846 0.11778846153846154 0.17067307692307693
1 0.4891826923076923 0.8617788461538461 0.31069711538461536 0.13221153846153846