1 0.3401442307692308 0.38341346153846156 0.4344951923076923 0.21875
1 0.35336538461538464 0.4675480769230769 0.36899038461538464 0.23317307692307693
1 0.17067307692307693 0.7199519230769231 0.11959134615384616 0.13942307692307693
1 0.2800480769230769 0.7259615384615384 0.08653846153846154 0.13581730769230768
1 0.375 0.8016826923076923 0.12620192307692307 0.1328125
1 0.15504807692307693 0.8125 0.09615384615384616 0.1141826923076923
1 0.25961538461538464 0.8161057692307693 0.0967548076923077 0.1171875
1 0.33653846153846156 0.09615384615384616 0.3269230769230769 0.16346153846153846
1 0.7043269230769231 0.12620192307692307 0.36117788461538464 0.11057692307692307
1 0.3329326923076923 0.18028846153846154 0.42007211538461536 0.17728365384615385
1 0.6947115384615384 0.19110576923076922 0.34134615384615385 0.1424278846153846
1 0.3389423076923077 0.2668269230769231 0.41947115384615385 0.15865384615384615