1 0.6165865384615384 0.3401442307692308 0.1893028846153846 0.4375
1 0.5324519230769231 0.35336538461538464 0.21334134615384615 0.3786057692307692
1 0.2800480769230769 0.17067307692307693 0.14603365384615385 0.12920673076923078
1 0.27403846153846156 0.2800480769230769 0.14423076923076922 0.09915865384615384
1 0.19831730769230768 0.375 0.1346153846153846 0.12920673076923078
1 0.1875 0.15504807692307693 0.10096153846153846 0.07451923076923077
1 0.18389423076923078 0.25961538461538464 0.11838942307692307 0.1015625
1 0.9038461538461539 0.33653846153846156 0.11538461538461539 0.3173076923076923
1 0.8737980769230769 0.7043269230769231 0.1658653846153846 0.34134615384615385
1 0.8197115384615384 0.3329326923076923 0.16346153846153846 0.4206730769230769
1 0.8088942307692307 0.6947115384615384 0.08353365384615384 0.3425480769230769
1 0.7331730769230769 0.3389423076923077 0.15324519230769232 0.4188701923076923