1 0.06129807692307692 0.3233173076923077 0.12259615384615384 0.3485576923076923
1 0.8629807692307693 0.6838942307692307 0.17247596153846154 0.3395432692307692
1 0.7848557692307693 0.34975961538461536 0.18088942307692307 0.28185096153846156
1 0.734375 0.6850961538461539 0.18509615384615385 0.359375
1 0.6189903846153846 0.6754807692307693 0.11838942307692307 0.3467548076923077
1 0.49278846153846156 0.359375 0.23076923076923078 0.3191105769230769
1 0.45072115384615385 0.7163461538461539 0.1424278846153846 0.33774038461538464
1 0.3317307692307692 0.36778846153846156 0.14543269230769232 0.29447115384615385
1 0.3269230769230769 0.6262019230769231 0.18329326923076922 0.20192307692307693
1 0.31850961538461536 0.8040865384615384 0.16826923076923078 0.16826923076923078
1 0.21153846153846154 0.34615384615384615 0.1875 0.3467548076923077
1 0.20552884615384615 0.671875 0.09915865384615384 0.33834134615384615
1 0.14423076923076922 0.9290865384615384 0.19230769230769232 0.14182692307692307
1 0.10576923076923077 0.6971153846153846 0.15504807692307693 0.39002403846153844