1 0.3401442307692308 0.38341346153846156 0.43509615384615385 0.16165865384615385
1 0.35336538461538464 0.4675480769230769 0.38040865384615385 0.19411057692307693
1 0.17067307692307693 0.7199519230769231 0.12079326923076923 0.14182692307692307
1 0.2800480769230769 0.7259615384615384 0.11838942307692307 0.14483173076923078
1 0.375 0.8016826923076923 0.13401442307692307 0.13762019230769232
1 0.15504807692307693 0.8125 0.08954326923076923 0.11057692307692307
1 0.25961538461538464 0.8161057692307693 0.08713942307692307 0.10877403846153846
1 0.33533653846153844 0.0985576923076923 0.31490384615384615 0.1971153846153846
1 0.7043269230769231 0.12620192307692307 0.3467548076923077 0.15564903846153846
1 0.3329326923076923 0.18028846153846154 0.4206730769230769 0.16346153846153846
1 0.6947115384615384 0.19110576923076922 0.3329326923076923 0.16105769230769232
1 0.3389423076923077 0.2668269230769231 0.41947115384615385 0.19170673076923078