1 0.3401442307692308 0.38341346153846156 0.43569711538461536 0.16826923076923078
1 0.35336538461538464 0.4675480769230769 0.36959134615384615 0.23076923076923078
1 0.17067307692307693 0.7199519230769231 0.1310096153846154 0.14723557692307693
1 0.2800480769230769 0.7259615384615384 0.09615384615384616 0.14362980769230768
1 0.375 0.8016826923076923 0.13581730769230768 0.14182692307692307
1 0.15504807692307693 0.8125 0.07692307692307693 0.1015625
1 0.25961538461538464 0.8161057692307693 0.0907451923076923 0.1123798076923077
1 0.33653846153846156 0.09615384615384616 0.3215144230769231 0.12560096153846154
1 0.7043269230769231 0.12620192307692307 0.36117788461538464 0.10757211538461539
1 0.3329326923076923 0.18028846153846154 0.41646634615384615 0.12980769230769232
1 0.6947115384615384 0.19110576923076922 0.34615384615384615 0.10576923076923077
1 0.3389423076923077 0.2668269230769231 0.4140625 0.12860576923076922