1 0.14302884615384615 0.5552884615384616 0.16045673076923078 0.15865384615384615
1 0.4230769230769231 0.5492788461538461 0.5048076923076923 0.33653846153846156
1 0.09495192307692307 0.4375 0.15084134615384615 0.17247596153846154
1 0.65625 0.3870192307692308 0.14002403846153846 0.1640625
1 0.3317307692307692 0.37740384615384615 0.5330528846153846 0.3137019230769231
1 0.5324519230769231 0.30408653846153844 0.1875 0.20432692307692307
1 0.09615384615384616 0.24519230769230768 0.19230769230769232 0.2644230769230769
1 0.21394230769230768 0.22235576923076922 0.14783653846153846 0.16346153846153846
1 0.3786057692307692 0.17548076923076922 0.1953125 0.23978365384615385
1 0.5540865384615384 0.15985576923076922 0.21634615384615385 0.21334134615384615
1 0.38100961538461536 0.7956730769230769 0.13641826923076922 0.1640625
1 0.7355769230769231 0.7932692307692307 0.14903846153846154 0.1814903846153846
1 0.6382211538461539 0.7776442307692307 0.14723557692307693 0.19230769230769232
1 0.2403846153846154 0.7752403846153846 0.1388221153846154 0.21153846153846154
1 0.5048076923076923 0.7067307692307693 0.15264423076923078 0.1580528846153846
1 0.3557692307692308 0.6694711538461539 0.15925480769230768 0.1328125
1 0.78125 0.6538461538461539 0.2013221153846154 0.21033653846153846