1 0.6165865384615384 0.3401442307692308 0.2566105769230769 0.41586538461538464
1 0.5324519230769231 0.35336538461538464 0.23798076923076922 0.36478365384615385
1 0.2800480769230769 0.17067307692307693 0.13942307692307693 0.11959134615384616
1 0.27403846153846156 0.2800480769230769 0.14543269230769232 0.10877403846153846
1 0.19831730769230768 0.375 0.13942307692307693 0.1346153846153846
1 0.1875 0.15504807692307693 0.11057692307692307 0.08954326923076923
1 0.18389423076923078 0.25961538461538464 0.11778846153846154 0.1015625
1 0.9002403846153846 0.33533653846153844 0.19951923076923078 0.31490384615384615
1 0.8737980769230769 0.7043269230769231 0.0625 0.3605769230769231
1 0.8197115384615384 0.3329326923076923 0.23076923076923078 0.3972355769230769
1 0.8088942307692307 0.6947115384615384 0.18028846153846154 0.3215144230769231
1 0.7331730769230769 0.3389423076923077 0.24459134615384615 0.3996394230769231