1 0.171875 0.8004807692307693 0.31971153846153844 0.21574519230769232
1 0.8221153846153846 0.7463942307692307 0.3371394230769231 0.20192307692307693
1 0.5084134615384616 0.7247596153846154 0.28365384615384615 0.16165865384615385
1 0.4963942307692308 0.49399038461538464 0.34615384615384615 0.3203125
1 0.8365384615384616 0.49158653846153844 0.3269230769230769 0.31971153846153844
1 0.1814903846153846 0.47836538461538464 0.3629807692307692 0.3605769230769231
1 0.828125 0.17067307692307693 0.34375 0.30288461538461536
1 0.16826923076923078 0.15865384615384615 0.3269230769230769 0.3173076923076923
1 0.8257211538461539 0.8990384615384616 0.3485576923076923 0.20192307692307693
1 0.41225961538461536 0.11177884615384616 0.13641826923076922 0.21634615384615385
1 0.5012019230769231 0.09134615384615384 0.11778846153846154 0.18269230769230768
1 0.6201923076923077 0.08413461538461539 0.1045673076923077 0.16826923076923078
1 0.4891826923076923 0.8617788461538461 0.31069711538461536 0.13221153846153846