1 0.5300480769230769 0.40865384615384615 0.2530048076923077 0.22596153846153846
1 0.8521634615384616 0.43990384615384615 0.27103365384615385 0.21213942307692307
1 0.1502403846153846 0.46153846153846156 0.2722355769230769 0.16286057692307693
1 0.5324519230769231 0.546875 0.23377403846153846 0.1123798076923077
1 0.8497596153846154 0.5769230769230769 0.19951923076923078 0.17848557692307693
1 0.16346153846153846 0.609375 0.2746394230769231 0.17307692307692307
1 0.8509615384615384 0.7536057692307693 0.2980769230769231 0.22355769230769232
1 0.16826923076923078 0.7632211538461539 0.25060096153846156 0.1424278846153846
1 0.5456730769230769 0.7632211538461539 0.26322115384615385 0.12800480769230768
1 0.5300480769230769 0.875 0.29627403846153844 0.17728365384615385
1 0.16826923076923078 0.8762019230769231 0.29867788461538464 0.12259615384615384
1 0.8581730769230769 0.8894230769230769 0.28365384615384615 0.22115384615384615