1 0.06971153846153846 0.32211538461538464 0.13942307692307693 0.34615384615384615
1 0.8629807692307693 0.6838942307692307 0.24639423076923078 0.35096153846153844
1 0.7848557692307693 0.34975961538461536 0.18088942307692307 0.28185096153846156
1 0.734375 0.6850961538461539 0.11778846153846154 0.359375
1 0.6189903846153846 0.6754807692307693 0.1971153846153846 0.3311298076923077
1 0.49278846153846156 0.359375 0.17728365384615385 0.3191105769230769
1 0.45072115384615385 0.7163461538461539 0.15685096153846154 0.33653846153846156
1 0.3317307692307692 0.36778846153846156 0.15264423076923078 0.2980769230769231
1 0.3269230769230769 0.6262019230769231 0.21213942307692307 0.22415865384615385
1 0.31850961538461536 0.8040865384615384 0.15564903846153846 0.15564903846153846
1 0.21153846153846154 0.34615384615384615 0.20192307692307693 0.3449519230769231
1 0.20552884615384615 0.671875 0.12259615384615384 0.34134615384615385
1 0.14423076923076922 0.9314903846153846 0.1875 0.13701923076923078
1 0.10576923076923077 0.6971153846153846 0.20252403846153846 0.36959134615384615