1 0.3401442307692308 0.38341346153846156 0.41165865384615385 0.25961538461538464
1 0.35336538461538464 0.4675480769230769 0.3798076923076923 0.1953125
1 0.17067307692307693 0.7199519230769231 0.1346153846153846 0.14723557692307693
1 0.2800480769230769 0.7259615384615384 0.10096153846153846 0.14423076923076922
1 0.375 0.8016826923076923 0.12980769230769232 0.13641826923076922
1 0.15504807692307693 0.8125 0.08413461538461539 0.1063701923076923
1 0.25961538461538464 0.8161057692307693 0.0907451923076923 0.1123798076923077
1 0.33653846153846156 0.09615384615384616 0.3269230769230769 0.17247596153846154
1 0.7043269230769231 0.12620192307692307 0.34555288461538464 0.16045673076923078
1 0.3329326923076923 0.18028846153846154 0.4206730769230769 0.1580528846153846
1 0.6947115384615384 0.19110576923076922 0.34134615384615385 0.14603365384615385
1 0.3389423076923077 0.2668269230769231 0.4176682692307692 0.2109375