1 0.5552884615384616 0.8569711538461539 0.14903846153846154 0.14903846153846154
1 0.5492788461538461 0.5769230769230769 0.34314903846153844 0.5
1 0.4375 0.9050480769230769 0.17307692307692307 0.15204326923076922
1 0.3870192307692308 0.34375 0.16947115384615385 0.1502403846153846
1 0.37740384615384615 0.6682692307692307 0.36177884615384615 0.5372596153846154
1 0.30408653846153844 0.4675480769230769 0.21153846153846154 0.19891826923076922
1 0.24639423076923078 0.9050480769230769 0.2626201923076923 0.18990384615384615
1 0.22235576923076922 0.7860576923076923 0.1856971153846154 0.1778846153846154
1 0.17548076923076922 0.6213942307692307 0.2205528846153846 0.16346153846153846
1 0.15985576923076922 0.44591346153846156 0.21153846153846154 0.21394230769230768
1 0.7956730769230769 0.6189903846153846 0.1736778846153846 0.14903846153846154
1 0.7932692307692307 0.2644230769230769 0.1875 0.15865384615384615
1 0.7776442307692307 0.36177884615384615 0.1953125 0.15865384615384615
1 0.7752403846153846 0.7596153846153846 0.2049278846153846 0.1201923076923077
1 0.7067307692307693 0.4951923076923077 0.15384615384615385 0.14543269230769232
1 0.6694711538461539 0.6442307692307693 0.1346153846153846 0.15925480769230768
1 0.6538461538461539 0.21875 0.20733173076923078 0.19831730769230768