1 0.14302884615384615 0.5552884615384616 0.16045673076923078 0.15865384615384615
1 0.4230769230769231 0.5492788461538461 0.5096153846153846 0.2283653846153846
1 0.09495192307692307 0.4375 0.13762019230769232 0.16346153846153846
1 0.65625 0.3870192307692308 0.13401442307692307 0.15865384615384615
1 0.3317307692307692 0.37740384615384615 0.5300480769230769 0.3786057692307692
1 0.5324519230769231 0.30408653846153844 0.17487980769230768 0.19411057692307693
1 0.09615384615384616 0.24519230769230768 0.19230769230769232 0.2644230769230769
1 0.21394230769230768 0.22235576923076922 0.16947115384615385 0.18449519230769232
1 0.3786057692307692 0.17548076923076922 0.2091346153846154 0.24098557692307693
1 0.5540865384615384 0.15985576923076922 0.1856971153846154 0.18088942307692307
1 0.38100961538461536 0.7956730769230769 0.16346153846153846 0.17908653846153846
1 0.7355769230769231 0.7932692307692307 0.15384615384615385 0.18329326923076922
1 0.6382211538461539 0.7776442307692307 0.14423076923076922 0.19050480769230768
1 0.2403846153846154 0.7752403846153846 0.13040865384615385 0.2091346153846154
1 0.5048076923076923 0.7067307692307693 0.125 0.1346153846153846
1 0.3557692307692308 0.6694711538461539 0.1580528846153846 0.125
1 0.78125 0.6538461538461539 0.17848557692307693 0.19230769230769232