1 0.6165865384615384 0.3401442307692308 0.20432692307692307 0.43569711538461536
1 0.5324519230769231 0.35336538461538464 0.1893028846153846 0.38040865384615385
1 0.2800480769230769 0.17067307692307693 0.13942307692307693 0.11959134615384616
1 0.27403846153846156 0.2800480769230769 0.13521634615384615 0.08413461538461539
1 0.19831730769230768 0.375 0.12319711538461539 0.11598557692307693
1 0.1875 0.15504807692307693 0.11117788461538461 0.0985576923076923
1 0.18389423076923078 0.25961538461538464 0.11778846153846154 0.09735576923076923
1 0.9038461538461539 0.33653846153846156 0.16466346153846154 0.3269230769230769
1 0.8737980769230769 0.7043269230769231 0.15204326923076922 0.34975961538461536
1 0.8197115384615384 0.3329326923076923 0.15925480769230768 0.4206730769230769
1 0.8088942307692307 0.6947115384615384 0.15865384615384615 0.3359375
1 0.7331730769230769 0.3389423076923077 0.21754807692307693 0.4140625