1 0.6165865384615384 0.3401442307692308 0.22776442307692307 0.4308894230769231
1 0.5324519230769231 0.35336538461538464 0.1856971153846154 0.38040865384615385
1 0.2800480769230769 0.17067307692307693 0.14723557692307693 0.1346153846153846
1 0.27403846153846156 0.2800480769230769 0.14543269230769232 0.10576923076923077
1 0.19831730769230768 0.375 0.12980769230769232 0.12379807692307693
1 0.1875 0.15504807692307693 0.11117788461538461 0.09375
1 0.18389423076923078 0.25961538461538464 0.11298076923076923 0.09134615384615384
1 0.9038461538461539 0.33653846153846156 0.1736778846153846 0.3269230769230769
1 0.8737980769230769 0.7043269230769231 0.0703125 0.36117788461538464
1 0.8197115384615384 0.3329326923076923 0.19170673076923078 0.41646634615384615
1 0.8088942307692307 0.6947115384615384 0.07692307692307693 0.34194711538461536
1 0.7331730769230769 0.3389423076923077 0.24639423076923078 0.39783653846153844