1 0.14302884615384615 0.5552884615384616 0.13701923076923078 0.13401442307692307
1 0.4230769230769231 0.5492788461538461 0.5012019230769231 0.20853365384615385
1 0.09495192307692307 0.4375 0.14182692307692307 0.16766826923076922
1 0.65625 0.3870192307692308 0.1544471153846154 0.16947115384615385
1 0.3317307692307692 0.37740384615384615 0.5330528846153846 0.375
1 0.5324519230769231 0.30408653846153844 0.1856971153846154 0.20432692307692307
1 0.0985576923076923 0.24519230769230768 0.1971153846153846 0.2644230769230769
1 0.21394230769230768 0.22235576923076922 0.14483173076923078 0.16165865384615385
1 0.3786057692307692 0.17548076923076922 0.1796875 0.23016826923076922
1 0.5540865384615384 0.15985576923076922 0.21814903846153846 0.21454326923076922
1 0.38100961538461536 0.7956730769230769 0.15685096153846154 0.17848557692307693
1 0.7355769230769231 0.7932692307692307 0.15384615384615385 0.18329326923076922
1 0.6382211538461539 0.7776442307692307 0.15865384615384615 0.1953125
1 0.2403846153846154 0.7752403846153846 0.15264423076923078 0.21153846153846154
1 0.5048076923076923 0.7067307692307693 0.14302884615384615 0.14903846153846154
1 0.3557692307692308 0.6694711538461539 0.15865384615384615 0.12740384615384615
1 0.78125 0.6538461538461539 0.20192307692307693 0.21033653846153846