1 0.0673076923076923 0.3233173076923077 0.1346153846153846 0.3485576923076923
1 0.8629807692307693 0.6838942307692307 0.22175480769230768 0.35396634615384615
1 0.7848557692307693 0.34975961538461536 0.16346153846153846 0.2854567307692308
1 0.734375 0.6850961538461539 0.1875 0.359375
1 0.6189903846153846 0.6754807692307693 0.1893028846153846 0.33653846153846156
1 0.49278846153846156 0.359375 0.15745192307692307 0.31069711538461536
1 0.45072115384615385 0.7163461538461539 0.09314903846153846 0.3371394230769231
1 0.3317307692307692 0.36778846153846156 0.21153846153846154 0.30408653846153844
1 0.3269230769230769 0.6262019230769231 0.19651442307692307 0.21153846153846154
1 0.31850961538461536 0.8040865384615384 0.17127403846153846 0.17127403846153846
1 0.21153846153846154 0.34615384615384615 0.14302884615384615 0.34134615384615385
1 0.20552884615384615 0.671875 0.12740384615384615 0.34134615384615385
1 0.14543269230769232 0.9242788461538461 0.19951923076923078 0.15144230769230768
1 0.10576923076923077 0.6971153846153846 0.17247596153846154 0.38521634615384615