1 0.70859375 0.540625 0.08984375 0.4109375
0 0.79765625 0.590625 0.1078125 0.81875
1 0.80546875 0.5171875 0.0984375 0.4125
0 0.878125 0.61484375 0.084375 0.7703125
1 0.8984375 0.49609375 0.08828125 0.3859375
0 0.45703125 0.62109375 0.1296875 0.75703125
1 0.46484375 0.4796875 0.06640625 0.2640625
0 0.3328125 0.596875 0.10703125 0.80625
1 0.33828125 0.5390625 0.09453125 0.40234375
0 0.209375 0.59609375 0.0984375 0.8078125
1 0.203125 0.475 0.071875 0.2953125
0 0.7078125 0.5921875 0.1390625 0.815625
5 0.5546875 0.58828125 0.18125 0.8234375
5 0.228125 0.1015625 0.06328125 0.1078125
5 0.13359375 0.10234375 0.06875 0.12265625
5 0.3078125 0.12109375 0.06796875 0.1
5 0.07421875 0.1171875 0.03984375 0.0640625
5 0.46484375 0.1671875 0.0421875 0.0421875
5 0.390625 0.16953125 0.0296875 0.0515625
5 0.66796875 0.13125 0.03828125 0.078125
5 0.7140625 0.18671875 0.03125 0.059375
5 0.78828125 0.16796875 0.046875 0.08515625
5 0.7421875 0.1828125 0.03125 0.0671875
5 0.8375 0.1890625 0.03359375 0.0515625
5 0.94296875 0.24296875 0.04296875 0.07109375
5 0.9671875 0.2109375 0.04375 0.05390625
5 0.9734375 0.17890625 0.03671875 0.0578125
5 0.08203125 0.5765625 0.16328125 0.8265625