1 0.64140625 0.85390625 0.55 0.28984375
1 0.63671875 0.57734375 0.53984375 0.246875
1 0.5755876062499999 0.3806089734375 0.6009615390625 0.41266025781250004 0.6169871796875 0.407318375 0.6263354718749999 0.3792735046875 0.6009615390625 0.3512286328125 0.5809294875 0.2751068359375 0.6209935890625 0.25908119687500003 0.6623931640625 0.2577457265625 0.686431625 0.248397434375 0.6957799140625001 0.23370726406250003 0.706463675 0.2270299140625 0.7732371796875 0.208333334375 0.8279914515625 0.189636753125 0.821314103125 0.17494658125 0.7986111109375 0.178952990625 0.791933759375 0.1615918796875 0.791933759375 0.133547009375 0.770566240625 0.1869658125 0.7478632468749999 0.1923076921875 0.7305021375 0.185630340625 0.7251602578125 0.177617521875 0.6944444453124999 0.178952990625 0.68776709375 0.18295940156249998 0.6717414515625 0.17361111093749998 0.6543803406250001 0.177617521875 0.6209935890625 0.184294871875 0.6089743578125 0.1869658125 0.58226495625 0.1949786328125 0.559561965625 0.21501068281250002 0.5395299140625001 0.217681625 0.5074786328124999 0.220352565625 0.503472221875 0.22302350468749998 0.48744658125000007 0.2417200859375 0.479433759375 0.24973290625 0.46340812031249995 0.2644230765625 0.45005341874999993 0.2764423078125 0.44738247812500004 0.283119659375 0.42200854843749996 0.2871260671875 0.3672542734375 0.311164528125 0.353899571875 0.32451923125 0.36191239375 0.393963675 0.373931625 0.393963675 0.48076923125000004 0.3071581203125 0.48076923125000004 0.372596153125 0.4954594015625 0.3886217953125 0.5074786328124999 0.36191239375 0.5141559828125 0.323183759375 0.528846153125 0.311164528125 0.55154914375 0.309829059375 0.5755876062499999 0.3806089734375
1 0.50703125 0.0703125 0.303125 0.13984375
8 0.22734375 0.7984375 0.2296875 0.2375
8 0.2171875 0.24921875 0.2546875 0.246875
1 0.06171875 0.9015625 0.12265625 0.14921875
1 0.06640625 0.6421875 0.1328125 0.146875
1 0.075 0.38671875 0.14921875 0.11875
1 0.06171875 0.0828125 0.12265625 0.1203125
8 0.23125 0.51875 0.2296875 0.23671875